loss_train;acc_train;loss_val;acc_val;loss_test;acc_test;rank1;rank2;rank3
2.302323;0.092920355;2.302464;0.093;2.299705;0.116;195;195;195;195
2.3008606;0.098451324;2.3024402;0.093;2.299682;0.116;195;195;195;195
2.3013623;0.09181416;2.3024168;0.093;2.2996607;0.116;195;195;195;195
2.301745;0.1039823;2.3023918;0.093;2.2996364;0.116;195;195;195;195
2.3034203;0.086283185;2.3023686;0.093;2.2996151;0.116;195;195;195;195
2.3039227;0.09402655;2.302345;0.093;2.2995915;0.116;195;195;195;195
2.3023574;0.088495575;2.3023202;0.093;2.2995698;0.116;195;195;195;195
2.3000786;0.10619469;2.302296;0.093;2.2995465;0.116;195;195;195;195
2.3001084;0.09623894;2.3022714;0.093;2.2995243;0.116;195;195;195;195
2.3024924;0.088495575;2.3022468;0.093;2.2994998;0.116;195;195;195;195
2.3021848;0.09402655;2.3022213;0.093;2.2994754;0.116;195;195;195;195
2.3004556;0.09623894;2.3021965;0.093;2.299453;0.116;195;195;195;195
2.302217;0.100663714;2.3021734;0.093;2.2994306;0.116;195;195;195;195
2.2985742;0.10840708;2.3021486;0.093;2.2994084;0.116;195;195;195;195
2.3015552;0.10176991;2.3021247;0.093;2.2993858;0.116;195;195;195;195
2.302444;0.09955752;2.3021007;0.093;2.299363;0.116;195;195;195;195
2.3002915;0.105088495;2.3020763;0.093;2.2993398;0.116;195;195;195;195
2.3025794;0.086283185;2.3020523;0.093;2.2993166;0.116;195;195;195;195
2.3003485;0.10176991;2.3020267;0.093;2.299292;0.116;195;195;195;195
2.2983642;0.10176991;2.3020017;0.093;2.2992702;0.116;195;195;195;195
2.3024766;0.088495575;2.301978;0.093;2.299247;0.116;195;195;195;195
2.303656;0.097345136;2.3019524;0.093;2.2992241;0.116;195;195;195;195
2.3002079;0.09623894;2.3019278;0.093;2.2992008;0.116;195;195;195;195
2.3011076;0.098451324;2.3019044;0.093;2.2991807;0.116;195;195;195;195
2.3002903;0.097345136;2.3018816;0.093;2.2991576;0.116;195;195;195;195
2.300106;0.100663714;2.301857;0.093;2.299134;0.116;195;195;195;195
2.30045;0.097345136;2.301833;0.093;2.299111;0.116;195;195;195;195
2.302874;0.0829646;2.301809;0.093;2.2990894;0.116;195;195;195;195
2.2991438;0.105088495;2.3017862;0.093;2.299067;0.116;195;195;195;195
2.29861;0.107300885;2.3017614;0.093;2.2990432;0.116;195;195;195;195
2.3021464;0.08960177;2.3017366;0.093;2.2990203;0.116;195;195;195;195
2.3009973;0.097345136;2.3017123;0.093;2.2989974;0.116;195;195;195;195
2.3020005;0.084070794;2.3016894;0.093;2.2989764;0.116;195;195;195;195
2.3026679;0.092920355;2.301665;0.093;2.2989528;0.116;195;195;195;195
2.3043127;0.07300885;2.3016417;0.093;2.2989316;0.116;195;195;195;195
2.301005;0.09955752;2.3016186;0.093;2.2989082;0.116;195;195;195;195
2.302687;0.086283185;2.3015945;0.093;2.298887;0.116;195;195;195;195
2.3018162;0.081858404;2.3015695;0.093;2.298864;0.116;195;195;195;195
2.3020487;0.098451324;2.3015459;0.093;2.2988412;0.116;195;195;195;195
2.3006105;0.102876104;2.301521;0.093;2.298817;0.116;195;195;195;195
2.3036737;0.071902655;2.3014972;0.093;2.298796;0.116;195;195;195;195
2.299882;0.09402655;2.3014731;0.093;2.2987735;0.116;195;195;195;195
2.3017318;0.088495575;2.3014467;0.093;2.2987492;0.116;195;195;195;195
2.3021884;0.08960177;2.3014216;0.093;2.2987268;0.116;195;195;195;195
2.3026454;0.07964602;2.301398;0.093;2.2987049;0.116;195;195;195;195
2.300759;0.092920355;2.3013709;0.093;2.2986815;0.116;195;195;195;195
2.2992566;0.09623894;2.3013473;0.093;2.2986593;0.116;195;195;195;195
2.3013554;0.090707965;2.3013232;0.093;2.2986364;0.116;195;195;195;195
2.3017557;0.10840708;2.3012989;0.093;2.2986126;0.116;195;195;195;195
2.3001828;0.09623894;2.3012748;0.093;2.2985892;0.116;195;195;195;195
2.3024192;0.08517699;2.301251;0.093;2.298566;0.116;195;195;195;195
2.3038735;0.0829646;2.3012257;0.093;2.2985446;0.116;195;195;195;195
2.3009815;0.092920355;2.301201;0.093;2.2985215;0.116;195;195;195;195
2.300917;0.088495575;2.3011775;0.093;2.2984982;0.116;195;195;195;195
2.2989497;0.1039823;2.3011532;0.093;2.2984753;0.116;195;195;195;195
2.2998948;0.105088495;2.3011289;0.093;2.2984521;0.116;195;195;195;195
2.30319;0.076327436;2.301105;0.093;2.298429;0.116;195;195;195;195
2.2992952;0.102876104;2.3010802;0.093;2.2984061;0.116;195;195;195;195
2.2998474;0.111725666;2.3010569;0.093;2.298383;0.116;195;195;195;195
2.3007731;0.095132746;2.3010328;0.093;2.2983618;0.116;195;195;195;195
2.296589;0.10840708;2.3010097;0.093;2.2983403;0.116;195;195;195;195
2.297928;0.107300885;2.300986;0.093;2.2983162;0.116;195;195;195;195
2.2998834;0.088495575;2.300962;0.093;2.2982945;0.116;195;195;195;195
2.298849;0.102876104;2.300937;0.093;2.2982707;0.116;195;195;195;195
2.2988274;0.102876104;2.3009148;0.093;2.29825;0.116;195;195;195;195
2.3045926;0.081858404;2.3008904;0.093;2.298228;0.116;195;195;195;195
2.298464;0.09623894;2.3008661;0.093;2.298205;0.116;195;195;195;195
2.3002243;0.107300885;2.3008437;0.093;2.2981827;0.116;195;195;195;195
2.2978396;0.098451324;2.300817;0.093;2.298159;0.116;195;195;195;195
2.2994747;0.09402655;2.3007936;0.093;2.298136;0.116;195;195;195;195
2.2991478;0.098451324;2.3007698;0.093;2.2981129;0.116;195;195;195;195
2.3010743;0.092920355;2.300746;0.093;2.298091;0.116;195;195;195;195
2.3012366;0.102876104;2.3007212;0.093;2.2980676;0.116;195;195;195;195
2.2977107;0.098451324;2.3006968;0.093;2.298045;0.116;195;195;195;195
2.2965243;0.09955752;2.3006728;0.093;2.298023;0.116;195;195;195;195
2.2996502;0.1039823;2.300648;0.093;2.297999;0.116;195;195;195;195
2.2976546;0.09955752;2.3006241;0.093;2.2979758;0.116;195;195;195;195
2.2991858;0.095132746;2.3005996;0.093;2.2979555;0.116;195;195;195;195
2.2978654;0.10176991;2.300577;0.093;2.2979326;0.116;195;195;195;195
2.3019853;0.105088495;2.3005512;0.093;2.2979083;0.116;195;195;195;195
2.3001142;0.098451324;2.3005273;0.093;2.2978845;0.116;195;195;195;195
2.301058;0.090707965;2.3005042;0.093;2.2978647;0.116;195;195;195;195
2.3020298;0.088495575;2.3004801;0.093;2.2978418;0.116;195;195;195;195
2.3018854;0.097345136;2.300456;0.093;2.2978199;0.116;195;195;195;195
2.2962768;0.10619469;2.300434;0.093;2.2977974;0.116;195;195;195;195
2.2992246;0.09402655;2.300409;0.093;2.297775;0.116;195;195;195;195
2.3014305;0.092920355;2.3003848;0.093;2.297752;0.116;195;195;195;195
2.3013208;0.08075221;2.3003614;0.093;2.2977295;0.116;195;195;195;195
2.2979715;0.097345136;2.3003395;0.093;2.2977095;0.116;195;195;195;195
2.3004997;0.09181416;2.3003142;0.093;2.2976868;0.116;195;195;195;195
2.2976847;0.09955752;2.3002903;0.093;2.2976646;0.116;195;195;195;195
2.300973;0.086283185;2.3002648;0.093;2.2976408;0.116;195;195;195;195
2.297706;0.107300885;2.3002436;0.093;2.2976182;0.116;195;195;195;195
2.2988632;0.100663714;2.3002188;0.093;2.2975936;0.116;195;195;195;195
2.2977755;0.10619469;2.3001945;0.093;2.2975712;0.116;195;195;195;195
2.298812;0.10176991;2.3001692;0.093;2.2975478;0.116;195;195;195;195
2.2994676;0.092920355;2.3001444;0.093;2.297525;0.116;195;195;195;195
2.2995594;0.090707965;2.300121;0.093;2.2975023;0.117;195;195;195;195
2.2991354;0.08960177;2.300096;0.093;2.297479;0.117;195;195;195;195
2.3015125;0.08960177;2.3000715;0.093;2.297457;0.117;195;195;195;195
2.2988572;0.09955752;2.3000476;0.093;2.2974346;0.117;195;195;195;195
2.299637;0.09623894;2.3000226;0.093;2.29741;0.117;195;195;195;195
2.301094;0.088495575;2.2999976;0.093;2.2973876;0.117;195;195;195;195
2.3007095;0.084070794;2.299973;0.093;2.2973654;0.117;195;195;195;195
2.2999089;0.08960177;2.2999496;0.093;2.297342;0.117;195;195;195;195
2.3005066;0.095132746;2.299924;0.093;2.2973185;0.117;195;195;195;195
2.298223;0.097345136;2.2999;0.093;2.297296;0.117;195;195;195;195
2.2989733;0.090707965;2.299875;0.093;2.2972724;0.117;195;195;195;195
2.3004396;0.09181416;2.2998517;0.093;2.2972496;0.117;195;195;195;195
2.299867;0.09181416;2.299826;0.093;2.2972276;0.117;195;195;195;195
2.3006551;0.090707965;2.2998016;0.093;2.2972047;0.117;195;195;195;195
2.3014297;0.086283185;2.299778;0.093;2.297183;0.117;195;195;195;195
2.301549;0.0829646;2.2997544;0.093;2.2971606;0.117;195;195;195;195
2.2981427;0.09955752;2.2997317;0.093;2.2971377;0.117;195;195;195;195
2.297333;0.098451324;2.2997057;0.093;2.2971158;0.117;195;195;195;195
2.2984498;0.084070794;2.2996826;0.093;2.2970934;0.117;195;195;195;195
2.3000197;0.105088495;2.2996578;0.093;2.2970688;0.117;195;195;195;195
2.2998466;0.092920355;2.2996335;0.093;2.2970467;0.117;195;195;195;195
2.300715;0.09955752;2.2996094;0.093;2.2970219;0.117;195;195;195;195
2.2992256;0.097345136;2.2995849;0.093;2.2969997;0.117;195;195;195;195
2.300567;0.095132746;2.299561;0.093;2.296978;0.117;195;195;195;195
2.2999866;0.08738938;2.299539;0.093;2.296957;0.117;195;195;195;195
2.2986834;0.097345136;2.2995136;0.093;2.296934;0.117;195;195;195;195
2.2991693;0.09955752;2.2994893;0.093;2.29691;0.117;195;195;195;195
2.2985146;0.09623894;2.2994647;0.093;2.2968876;0.117;195;195;195;195
2.2980766;0.095132746;2.2994404;0.093;2.2968643;0.117;195;195;195;195
2.2980971;0.102876104;2.2994156;0.093;2.2968397;0.117;195;195;195;195
2.3024275;0.08075221;2.2993915;0.093;2.2968175;0.117;195;195;195;195
2.2995934;0.09955752;2.2993674;0.093;2.2967954;0.117;195;195;195;195
2.2983885;0.097345136;2.2993443;0.093;2.2967732;0.117;195;195;195;195
2.2981968;0.08960177;2.2993205;0.093;2.2967508;0.117;195;195;195;195
2.2981057;0.09955752;2.299297;0.093;2.2967281;0.117;195;195;195;195
2.297776;0.08960177;2.2992733;0.093;2.296704;0.117;195;195;195;195
2.2986622;0.086283185;2.299248;0.093;2.2966807;0.117;195;195;195;195
2.2988696;0.09402655;2.2992225;0.093;2.2966576;0.117;195;195;195;195
2.300755;0.08738938;2.2991984;0.093;2.296635;0.117;195;195;195;195
2.300885;0.084070794;2.2991748;0.093;2.2966125;0.117;195;195;195;195
2.2966046;0.11061947;2.2991495;0.093;2.2965899;0.117;195;195;195;195
2.2990787;0.092920355;2.2991247;0.093;2.2965653;0.117;195;195;195;195
2.2980313;0.10176991;2.299101;0.093;2.2965431;0.117;195;195;195;195
2.2963965;0.11283186;2.299078;0.093;2.2965205;0.117;195;195;195;195
2.2988172;0.102876104;2.2990522;0.093;2.2964988;0.117;195;195;195;195
2.2966735;0.1039823;2.2990282;0.093;2.296475;0.117;195;195;195;195
2.2974086;0.109513275;2.2990048;0.093;2.2964513;0.117;195;195;195;195
2.2994747;0.08517699;2.2989812;0.093;2.2964294;0.117;195;195;195;195
2.2983403;0.09181416;2.2989566;0.093;2.2964072;0.117;195;195;195;195
2.2960813;0.1039823;2.2989311;0.093;2.2963822;0.117;195;195;195;195
2.2989502;0.1039823;2.2989058;0.093;2.2963593;0.117;195;195;195;195
2.2992408;0.088495575;2.298881;0.093;2.296335;0.117;195;195;195;195
2.2989895;0.090707965;2.298857;0.093;2.2963123;0.117;195;195;195;195
2.3005414;0.09181416;2.298832;0.093;2.296289;0.117;195;195;195;195
2.2979352;0.08738938;2.2988067;0.093;2.2962675;0.117;195;195;195;195
2.300124;0.07964602;2.2987833;0.093;2.296244;0.117;195;195;195;195
2.301343;0.08738938;2.2987583;0.093;2.2962193;0.117;195;195;195;195
2.297421;0.09955752;2.2987344;0.093;2.2961972;0.117;195;195;195;195
2.302148;0.088495575;2.2987092;0.093;2.2961748;0.117;195;195;195;195
2.29669;0.102876104;2.2986856;0.093;2.2961519;0.117;195;195;195;195
2.2983985;0.08960177;2.2986598;0.093;2.296129;0.117;195;195;195;195
2.300021;0.086283185;2.2986355;0.093;2.2961066;0.117;195;195;195;195
2.2986019;0.095132746;2.2986119;0.093;2.2960827;0.117;195;195;195;195
2.2991645;0.08960177;2.2985892;0.093;2.29606;0.117;195;195;195;195
2.2983296;0.092920355;2.298563;0.093;2.2960372;0.117;195;195;195;195
2.2985804;0.09402655;2.2985392;0.093;2.296014;0.117;195;195;195;195
2.2979758;0.08738938;2.2985141;0.093;2.295991;0.117;195;195;195;195
2.2960694;0.107300885;2.2984893;0.093;2.295968;0.117;195;195;195;195
2.2960331;0.092920355;2.298464;0.092;2.295944;0.117;195;195;195;195
2.297068;0.100663714;2.2984407;0.092;2.2959232;0.117;195;195;195;195
2.2965558;0.105088495;2.2984164;0.092;2.2958984;0.117;195;195;195;195
2.2983222;0.088495575;2.298391;0.092;2.2958758;0.117;195;195;195;195
2.2968402;0.09402655;2.2983685;0.092;2.2958539;0.117;195;195;195;195
2.29784;0.09623894;2.2983434;0.092;2.295832;0.117;195;195;195;195
2.2982292;0.100663714;2.2983186;0.092;2.2958083;0.117;195;195;195;195
2.2969155;0.10176991;2.2982943;0.092;2.2957852;0.117;195;195;195;195
2.2961006;0.100663714;2.29827;0.092;2.295762;0.117;195;195;195;195
2.2969363;0.102876104;2.298246;0.092;2.2957375;0.117;195;195;195;195
2.2972152;0.09402655;2.2982197;0.092;2.295715;0.117;195;195;195;195
2.2980664;0.095132746;2.2981963;0.092;2.2956924;0.117;195;195;195;195
2.2983513;0.092920355;2.2981741;0.092;2.29567;0.117;195;195;195;195
2.2980585;0.10176991;2.2981503;0.092;2.2956474;0.117;195;195;195;195
2.2954197;0.109513275;2.2981255;0.092;2.295623;0.117;195;195;195;195
2.2977762;0.097345136;2.298101;0.092;2.2955992;0.117;195;195;195;195
2.2990139;0.084070794;2.298076;0.092;2.2955756;0.117;195;195;195;195
2.2990494;0.090707965;2.2980509;0.092;2.2955532;0.117;195;195;195;195
2.2968526;0.100663714;2.2980282;0.092;2.295531;0.117;195;195;195;195
2.297837;0.090707965;2.2980056;0.093;2.2955089;0.117;195;195;195;195
2.2993934;0.08517699;2.2979817;0.093;2.2954855;0.117;195;195;195;195
2.295073;0.10176991;2.2979572;0.093;2.2954624;0.117;195;195;195;195
2.2980282;0.092920355;2.2979345;0.093;2.2954397;0.117;195;195;195;195
2.2981305;0.09181416;2.2979085;0.093;2.2954159;0.117;195;195;195;195
2.2990012;0.09181416;2.2978845;0.093;2.2953916;0.117;195;195;195;195
2.2996707;0.084070794;2.297859;0.093;2.2953691;0.117;195;195;195;195
2.2956824;0.098451324;2.297834;0.093;2.2953458;0.117;195;195;195;195
2.2972555;0.08517699;2.2978098;0.093;2.2953224;0.117;195;195;195;195
2.3006513;0.07964602;2.2977836;0.093;2.295299;0.117;195;195;195;195
2.2994792;0.09402655;2.2977583;0.093;2.2952757;0.117;195;195;195;195
2.2971733;0.086283185;2.2977335;0.093;2.2952538;0.117;195;195;195;195
2.2974553;0.09402655;2.29771;0.093;2.2952302;0.117;195;195;195;195
2.2971838;0.095132746;2.2976832;0.093;2.295207;0.117;195;195;195;195
2.2982512;0.092920355;2.2976587;0.093;2.2951834;0.117;195;195;195;195
2.2988605;0.090707965;2.2976356;0.093;2.2951612;0.117;195;195;195;195
2.2978194;0.095132746;2.2976117;0.093;2.295138;0.117;195;195;195;195
2.2984338;0.088495575;2.2975874;0.093;2.2951155;0.117;195;195;195;195
2.2983675;0.09623894;2.2975614;0.093;2.2950916;0.117;195;195;195;195
2.2967474;0.092920355;2.2975366;0.093;2.295069;0.117;195;195;195;195
2.2929552;0.11061947;2.2975132;0.093;2.2950459;0.117;195;195;195;195
2.295714;0.092920355;2.2974892;0.093;2.2950222;0.117;195;195;195;195
2.2974486;0.09402655;2.2974648;0.093;2.2949996;0.117;195;195;195;195
2.2980125;0.090707965;2.2974398;0.093;2.2949762;0.117;195;195;195;195
2.297671;0.09181416;2.2974157;0.093;2.294953;0.117;195;195;195;195
2.2965229;0.090707965;2.2973914;0.093;2.2949307;0.117;195;195;195;195
2.297174;0.09623894;2.2973666;0.093;2.294908;0.117;195;195;195;195
2.2960465;0.105088495;2.297342;0.093;2.294884;0.117;195;195;195;195
2.29675;0.10176991;2.2973173;0.093;2.2948608;0.117;195;195;195;195
2.2965076;0.10176991;2.2972927;0.093;2.2948363;0.117;195;195;195;195
2.2947462;0.105088495;2.2972696;0.093;2.294814;0.117;195;195;195;195
2.2983675;0.081858404;2.297245;0.093;2.294792;0.117;195;195;195;195
2.2946398;0.10840708;2.2972205;0.093;2.294768;0.117;195;195;195;195
2.2985163;0.098451324;2.2971961;0.093;2.294745;0.117;195;195;195;195
2.2979722;0.08517699;2.2971735;0.093;2.294723;0.117;195;195;195;195
2.2984662;0.098451324;2.297148;0.093;2.2946997;0.117;195;195;195;195
2.29741;0.088495575;2.2971232;0.093;2.294676;0.117;195;195;195;195
2.2974098;0.10176991;2.2971;0.093;2.294653;0.117;195;195;195;195
2.2956035;0.097345136;2.2970753;0.093;2.29463;0.117;195;195;195;195
2.2971244;0.098451324;2.2970512;0.093;2.2946074;0.117;195;195;195;195
2.294062;0.097345136;2.2970262;0.093;2.2945836;0.117;195;195;195;195
2.2953935;0.098451324;2.2970014;0.093;2.2945595;0.117;195;195;195;195
2.297972;0.086283185;2.296978;0.093;2.2945383;0.117;195;195;195;195
2.2947252;0.1039823;2.296953;0.093;2.2945158;0.117;195;195;195;195
2.2949078;0.09955752;2.2969286;0.093;2.2944927;0.117;195;195;195;195
2.2973864;0.08960177;2.2969038;0.093;2.2944684;0.117;195;195;195;195
2.2936792;0.100663714;2.2968807;0.093;2.2944467;0.117;195;195;195;195
2.2986646;0.08075221;2.2968545;0.093;2.294423;0.117;195;195;195;195
2.2970817;0.086283185;2.2968314;0.093;2.2944016;0.117;195;195;195;195
2.2957757;0.102876104;2.296805;0.093;2.2943778;0.117;195;195;195;195
2.2987;0.086283185;2.296781;0.093;2.294354;0.117;195;195;195;195
2.2965868;0.09181416;2.2967546;0.093;2.2943301;0.117;195;195;195;195
2.2958755;0.09955752;2.2967308;0.093;2.2943068;0.117;195;195;195;195
2.298254;0.084070794;2.2967055;0.093;2.2942827;0.117;195;195;195;195
2.293947;0.09955752;2.2966807;0.093;2.29426;0.117;195;195;195;195
2.2963765;0.086283185;2.296657;0.093;2.2942374;0.117;195;195;195;195
2.297276;0.08960177;2.2966325;0.093;2.2942133;0.117;195;195;195;195
2.2950892;0.10619469;2.296608;0.093;2.2941904;0.117;195;195;195;195
2.2955952;0.081858404;2.2965837;0.093;2.294168;0.117;195;195;195;195
2.2964451;0.102876104;2.2965586;0.093;2.2941442;0.117;195;195;195;195
2.2953753;0.098451324;2.2965348;0.093;2.2941217;0.117;195;195;195;195
2.2952628;0.10176991;2.2965102;0.093;2.2940998;0.117;195;195;195;195
2.2962155;0.10619469;2.2964852;0.093;2.2940772;0.117;195;195;195;195
2.294382;0.09955752;2.2964609;0.093;2.2940543;0.117;195;195;195;195
2.29561;0.090707965;2.2964363;0.093;2.2940304;0.117;195;195;195;195
2.2956808;0.10176991;2.2964098;0.093;2.294008;0.117;195;195;195;195
2.2958477;0.088495575;2.2963853;0.093;2.2939837;0.117;195;195;195;195
2.2978008;0.08075221;2.296361;0.093;2.2939615;0.117;195;195;195;195
2.2985766;0.092920355;2.2963362;0.093;2.2939389;0.117;195;195;195;195
2.298775;0.09402655;2.2963119;0.093;2.2939167;0.117;195;195;195;195
2.2953315;0.097345136;2.296289;0.093;2.2938945;0.117;195;195;195;195
2.2970195;0.105088495;2.296264;0.093;2.2938704;0.117;195;195;195;195
2.2927973;0.10176991;2.2962384;0.093;2.2938461;0.117;195;195;195;195
2.2973447;0.092920355;2.296213;0.093;2.2938218;0.117;195;195;195;195
2.2953389;0.109513275;2.2961879;0.093;2.293799;0.117;195;195;195;195
2.2926795;0.09181416;2.296164;0.093;2.293776;0.117;195;195;195;195
2.2963712;0.092920355;2.29614;0.093;2.2937536;0.117;195;195;195;195
2.2942016;0.09181416;2.2961144;0.093;2.29373;0.117;195;195;195;195
2.2967937;0.092920355;2.29609;0.093;2.2937076;0.117;195;195;195;195
2.2954118;0.1039823;2.2960649;0.093;2.2936838;0.117;195;195;195;195
2.2963057;0.084070794;2.2960398;0.093;2.2936604;0.117;195;195;195;195
2.2975242;0.088495575;2.2960143;0.093;2.2936368;0.117;195;195;195;195
2.2966578;0.100663714;2.295989;0.093;2.2936134;0.117;195;195;195;195
2.2951233;0.102876104;2.2959657;0.093;2.293593;0.117;195;195;195;195
2.2946997;0.10619469;2.29594;0.093;2.2935677;0.117;195;195;195;195
2.294984;0.11615044;2.2959146;0.093;2.2935421;0.117;195;195;195;195
2.2991757;0.078539826;2.2958887;0.093;2.2935188;0.117;195;195;195;195
2.2952287;0.092920355;2.2958658;0.093;2.293497;0.117;195;195;195;195
2.295465;0.09181416;2.295841;0.093;2.293474;0.117;195;195;195;195
2.2948205;0.09402655;2.2958174;0.093;2.2934504;0.117;195;195;195;195
2.2954917;0.102876104;2.2957923;0.093;2.2934282;0.117;195;195;195;195
2.2958846;0.100663714;2.2957668;0.093;2.2934043;0.117;195;195;195;195
2.2965808;0.095132746;2.2957428;0.093;2.2933831;0.117;195;195;195;195
2.2952125;0.107300885;2.2957177;0.093;2.2933588;0.117;195;195;195;195
2.2946033;0.098451324;2.2956927;0.093;2.2933357;0.117;195;195;195;195
2.2953022;0.098451324;2.295668;0.093;2.293312;0.117;195;195;195;195
2.2971256;0.08075221;2.2956433;0.093;2.293289;0.117;195;195;195;195
2.2946672;0.09623894;2.2956183;0.093;2.293266;0.117;195;195;195;195
2.2939105;0.100663714;2.295594;0.093;2.2932427;0.117;195;195;195;195
2.2976916;0.086283185;2.2955685;0.093;2.2932193;0.117;195;195;195;195
2.2940974;0.113938056;2.2955446;0.093;2.293195;0.118;195;195;195;195
2.2940586;0.09623894;2.2955189;0.093;2.2931714;0.118;195;195;195;195
2.2947686;0.088495575;2.2954948;0.093;2.2931497;0.118;195;195;195;195
2.2967777;0.100663714;2.29547;0.093;2.293125;0.118;195;195;195;195
2.2944784;0.097345136;2.2954445;0.093;2.2931013;0.118;195;195;195;195
2.2937222;0.097345136;2.295419;0.093;2.2930777;0.118;195;195;195;195
2.2949011;0.097345136;2.2953923;0.093;2.293053;0.118;195;195;195;195
2.2921355;0.1039823;2.2953684;0.093;2.2930298;0.118;195;195;195;195
2.2947161;0.081858404;2.2953439;0.093;2.2930093;0.118;195;195;195;195
2.294314;0.1039823;2.2953207;0.093;2.2929864;0.118;195;195;195;195
2.2957454;0.086283185;2.2952952;0.093;2.2929642;0.118;195;195;195;195
2.295307;0.107300885;2.2952693;0.093;2.2929382;0.118;195;195;195;195
2.2939987;0.105088495;2.295243;0.093;2.2929149;0.118;195;195;195;195
2.2932;0.11283186;2.2952175;0.093;2.2928905;0.118;195;195;195;195
2.2958143;0.09955752;2.295193;0.093;2.2928667;0.118;195;195;195;195
2.2950382;0.09623894;2.2951677;0.093;2.2928443;0.118;195;195;195;195
2.2958114;0.095132746;2.2951422;0.093;2.2928205;0.118;195;195;195;195
2.2947433;0.09955752;2.2951167;0.093;2.292796;0.118;195;195;195;195
2.293806;0.08517699;2.2950926;0.093;2.2927732;0.118;195;195;195;195
2.296313;0.086283185;2.2950673;0.093;2.2927494;0.118;195;195;195;195
2.2950432;0.088495575;2.2950425;0.093;2.2927263;0.119;195;195;195;195
2.2952404;0.092920355;2.2950168;0.094;2.2927022;0.119;195;195;195;195
2.2953324;0.09623894;2.294992;0.094;2.292679;0.119;195;195;195;195
2.2940001;0.09955752;2.2949674;0.094;2.2926557;0.119;195;195;195;195
2.2943833;0.09955752;2.2949421;0.094;2.2926319;0.119;195;195;195;195
2.2961876;0.088495575;2.294917;0.094;2.2926097;0.119;195;195;195;195
2.296473;0.0829646;2.2948928;0.094;2.2925866;0.119;195;195;195;195
2.295791;0.08960177;2.2948675;0.094;2.2925632;0.119;195;195;195;195
2.2962155;0.092920355;2.2948418;0.094;2.29254;0.119;195;195;195;195
2.2943199;0.097345136;2.2948167;0.094;2.292517;0.119;195;195;195;195
2.2920597;0.11283186;2.294791;0.094;2.2924938;0.119;195;195;195;195
2.2951136;0.100663714;2.294764;0.094;2.29247;0.119;195;195;195;195
2.2958314;0.086283185;2.2947383;0.094;2.2924466;0.119;195;195;195;195
2.2942083;0.092920355;2.294714;0.094;2.2924232;0.119;195;195;195;195
2.2942705;0.10176991;2.2946868;0.094;2.2923987;0.119;195;195;195;195
2.2954106;0.097345136;2.2946613;0.094;2.2923734;0.119;195;195;195;195
2.2934048;0.11061947;2.2946389;0.094;2.292352;0.119;195;195;195;195
2.2941592;0.1039823;2.294614;0.094;2.2923272;0.119;195;195;195;195
2.2951236;0.092920355;2.2945879;0.094;2.2923038;0.119;195;195;195;195
2.294904;0.097345136;2.2945628;0.094;2.2922795;0.119;195;195;195;195
2.2958927;0.1039823;2.2945366;0.094;2.2922568;0.119;195;195;195;195
2.2943075;0.09623894;2.294511;0.094;2.2922335;0.12;195;195;195;195
2.2925858;0.11283186;2.294486;0.095;2.2922099;0.12;195;195;195;195
2.2946923;0.098451324;2.2944608;0.096;2.2921863;0.12;195;195;195;195
2.2930791;0.10176991;2.294436;0.096;2.2921631;0.12;195;195;195;195
2.2945967;0.081858404;2.294412;0.097;2.2921402;0.121;195;195;195;195
2.2947063;0.109513275;2.2943852;0.097;2.292116;0.121;195;195;195;195
2.2930622;0.117256634;2.2943597;0.097;2.2920911;0.121;195;195;195;195
2.2912807;0.119469024;2.2943354;0.098;2.292067;0.121;195;195;195;195
2.2922382;0.113938056;2.2943106;0.098;2.2920432;0.121;195;195;195;195
2.2947075;0.09402655;2.2942848;0.098;2.2920196;0.121;195;195;195;195
2.293428;0.10619469;2.2942595;0.098;2.2919967;0.121;195;195;195;195
2.2939122;0.09181416;2.2942336;0.098;2.2919722;0.121;195;195;195;195
2.296086;0.102876104;2.2942085;0.098;2.2919483;0.121;195;195;195;195
2.2973998;0.09955752;2.2941828;0.098;2.2919252;0.121;195;195;195;195
2.2959738;0.092920355;2.2941577;0.098;2.2919018;0.121;195;195;195;195
2.2941024;0.092920355;2.2941325;0.098;2.2918782;0.121;195;195;195;195
2.2924247;0.10619469;2.2941062;0.098;2.2918537;0.121;195;195;195;195
2.2941637;0.100663714;2.294082;0.1;2.2918315;0.121;195;195;195;195
2.2928948;0.109513275;2.294058;0.1;2.2918077;0.121;195;195;195;195
2.295613;0.102876104;2.2940307;0.1;2.2917814;0.121;195;195;195;195
2.294113;0.092920355;2.2940054;0.1;2.291757;0.121;195;195;195;195
2.29215;0.111725666;2.2939804;0.1;2.2917347;0.121;195;195;195;195
2.2942817;0.08517699;2.2939544;0.1;2.2917118;0.121;195;195;195;195
2.2952027;0.090707965;2.293929;0.101;2.291689;0.122;195;195;195;195
2.2962818;0.092920355;2.2939034;0.101;2.2916658;0.122;195;195;195;195
2.2925363;0.097345136;2.2938757;0.101;2.2916403;0.122;195;195;195;195
2.2942557;0.090707965;2.2938514;0.101;2.2916176;0.122;195;195;195;195
2.2949173;0.092920355;2.2938251;0.102;2.291595;0.122;195;195;195;195
2.294808;0.107300885;2.293801;0.102;2.291572;0.122;195;195;195;195
2.2939243;0.095132746;2.2937748;0.102;2.2915485;0.124;195;195;195;195
2.2936816;0.100663714;2.2937496;0.102;2.2915258;0.124;195;195;195;195
2.2932434;0.10619469;2.2937243;0.102;2.291502;0.125;195;195;195;195
2.2959714;0.092920355;2.2936985;0.102;2.2914789;0.125;195;195;195;195
2.2963665;0.092920355;2.2936735;0.102;2.2914543;0.125;195;195;195;195
2.2949178;0.088495575;2.2936482;0.102;2.2914307;0.126;195;195;195;195
2.2941728;0.088495575;2.2936213;0.102;2.291406;0.126;195;195;195;195
2.2964842;0.081858404;2.293595;0.102;2.2913811;0.126;195;195;195;195
2.292422;0.10619469;2.2935703;0.102;2.2913575;0.126;195;195;195;195
2.2925265;0.109513275;2.2935438;0.102;2.2913342;0.126;195;195;195;195
2.2937446;0.11283186;2.293519;0.102;2.2913108;0.126;195;195;195;195
2.2941854;0.1039823;2.2934945;0.102;2.291287;0.127;195;195;195;195
2.2930632;0.098451324;2.2934697;0.102;2.2912638;0.127;195;195;195;195
2.2926807;0.10840708;2.2934437;0.102;2.2912395;0.127;195;195;195;195
2.2934554;0.100663714;2.2934184;0.102;2.2912166;0.127;195;195;195;195
2.2939718;0.1039823;2.2933922;0.102;2.2911913;0.127;195;195;195;195
2.2927892;0.10176991;2.2933648;0.102;2.2911673;0.127;195;195;195;195
2.2923048;0.10176991;2.293341;0.102;2.2911434;0.127;195;195;195;195
2.2932146;0.097345136;2.2933145;0.102;2.291119;0.127;195;195;195;195
2.2956889;0.09181416;2.2932882;0.102;2.2910957;0.127;195;195;195;195
2.2937768;0.105088495;2.2932634;0.102;2.2910714;0.127;195;195;195;195
2.2926347;0.10176991;2.2932372;0.102;2.2910473;0.127;195;195;195;195
2.2930357;0.117256634;2.293212;0.102;2.291025;0.127;195;195;195;195
2.2942417;0.1039823;2.293187;0.103;2.291002;0.127;195;195;195;195
2.292729;0.11615044;2.293162;0.103;2.2909782;0.127;195;195;195;195
2.292729;0.09623894;2.2931364;0.104;2.2909539;0.127;195;195;195;195
2.2947843;0.086283185;2.29311;0.104;2.2909296;0.127;195;195;195;195
2.2929401;0.111725666;2.2930837;0.104;2.290905;0.127;195;195;195;195
2.2926836;0.100663714;2.2930598;0.104;2.2908828;0.127;195;195;195;195
2.292554;0.11061947;2.293034;0.104;2.290859;0.127;195;195;195;195
2.2928214;0.107300885;2.2930062;0.104;2.290834;0.127;195;195;195;195
2.289797;0.10619469;2.29298;0.104;2.2908094;0.127;195;195;195;195
2.2927861;0.11615044;2.2929544;0.104;2.2907856;0.127;195;195;195;195
2.2948282;0.095132746;2.2929301;0.104;2.2907612;0.127;195;195;195;195
2.2956293;0.086283185;2.2929044;0.105;2.290738;0.126;195;195;195;195
2.2918804;0.10840708;2.2928789;0.105;2.2907133;0.126;195;195;195;195
2.291661;0.10176991;2.2928538;0.106;2.29069;0.126;195;195;195;195
2.2928627;0.111725666;2.292828;0.106;2.290666;0.127;195;195;195;195
2.2947946;0.09955752;2.2928004;0.107;2.2906406;0.127;195;195;195;195
2.2955296;0.098451324;2.2927742;0.107;2.2906165;0.127;195;195;195;195
2.2935798;0.107300885;2.29275;0.108;2.290591;0.127;195;195;195;195
2.2929478;0.11504425;2.2927244;0.108;2.290569;0.127;195;195;195;195
2.2945457;0.1039823;2.2926986;0.108;2.290545;0.128;195;195;195;195
2.2917397;0.100663714;2.2926743;0.109;2.290522;0.128;195;195;195;195
2.2945192;0.10176991;2.292647;0.11;2.2904975;0.128;195;195;195;195
2.2927458;0.105088495;2.2926214;0.109;2.2904737;0.128;195;195;195;195
2.2937303;0.109513275;2.292594;0.11;2.2904491;0.128;195;195;195;195
2.290633;0.109513275;2.2925677;0.111;2.2904248;0.128;195;195;195;195
2.28976;0.117256634;2.2925422;0.111;2.2904007;0.128;195;195;195;195
2.2894564;0.13274336;2.2925177;0.111;2.2903774;0.129;195;195;195;195
2.2925074;0.109513275;2.29249;0.111;2.2903528;0.129;195;195;195;195
2.2917457;0.11283186;2.2924635;0.113;2.290328;0.129;195;195;195;195
2.2917929;0.11504425;2.292437;0.113;2.2903028;0.129;195;195;195;195
2.2939286;0.102876104;2.29241;0.114;2.290278;0.13;195;195;195;195
2.2920704;0.109513275;2.2923846;0.114;2.290255;0.13;195;195;195;195
2.29335;0.111725666;2.2923589;0.114;2.290231;0.13;195;195;195;195
2.2902138;0.11615044;2.2923312;0.114;2.2902045;0.13;195;195;195;195
2.294944;0.1039823;2.2923057;0.114;2.2901804;0.13;195;195;195;195
2.2959936;0.08517699;2.2922802;0.114;2.2901576;0.13;195;195;195;195
2.2909586;0.11283186;2.292253;0.115;2.2901328;0.13;195;195;195;195
2.2929573;0.1039823;2.2922263;0.115;2.2901096;0.131;195;195;195;195
2.291961;0.1039823;2.2921987;0.115;2.2900844;0.132;195;195;195;195
2.2914512;0.11836283;2.2921736;0.116;2.2900608;0.132;195;195;195;195
2.2940018;0.1039823;2.2921464;0.116;2.2900367;0.134;195;195;195;195
2.293297;0.107300885;2.292119;0.116;2.290012;0.134;195;195;195;195
2.2933588;0.10840708;2.2920935;0.116;2.2899878;0.134;195;195;195;195
2.2915108;0.12278761;2.2920694;0.116;2.2899652;0.134;195;195;195;195
2.2921576;0.10176991;2.292043;0.116;2.2899408;0.134;195;195;195;195
2.2946038;0.102876104;2.2920148;0.117;2.2899158;0.134;195;195;195;195
2.2922091;0.117256634;2.2919898;0.117;2.2898917;0.134;195;195;195;195
2.290179;0.11061947;2.2919617;0.118;2.289866;0.136;195;195;195;195
2.291488;0.105088495;2.291935;0.119;2.2898428;0.136;195;195;195;195
2.2916446;0.111725666;2.2919087;0.119;2.2898192;0.136;195;195;195;195
2.2928143;0.105088495;2.2918828;0.119;2.2897942;0.136;195;195;195;195
2.2926898;0.109513275;2.2918582;0.12;2.2897704;0.136;195;195;195;195
2.291524;0.10619469;2.291829;0.12;2.2897449;0.136;195;195;195;195
2.2936223;0.111725666;2.2918038;0.12;2.289721;0.136;195;195;195;195
2.2929342;0.1039823;2.2917783;0.121;2.2896955;0.136;195;195;195;195
2.2917705;0.109513275;2.2917507;0.121;2.289671;0.136;195;195;195;195
2.2909389;0.11283186;2.2917252;0.122;2.2896469;0.136;195;195;195;195
2.2926269;0.1039823;2.2916994;0.124;2.289622;0.136;195;195;195;195
2.2929363;0.111725666;2.2916732;0.124;2.2895987;0.137;195;195;195;195
2.2935867;0.105088495;2.2916467;0.124;2.289574;0.137;195;195;195;195
2.289577;0.11283186;2.2916195;0.124;2.289549;0.137;195;195;195;195
2.291891;0.109513275;2.2915926;0.125;2.289523;0.137;195;195;195;195
2.2934675;0.117256634;2.2915661;0.125;2.2894988;0.137;195;195;195;195
2.2919357;0.109513275;2.2915418;0.125;2.2894747;0.138;195;195;195;195
2.2914987;0.100663714;2.2915144;0.126;2.2894502;0.138;195;195;195;195
2.2931838;0.105088495;2.291488;0.126;2.289426;0.138;195;195;195;195
2.291554;0.12721239;2.2914624;0.126;2.289401;0.139;195;195;195;195
2.2925577;0.10840708;2.291436;0.126;2.2893767;0.139;195;195;195;195
2.2925892;0.117256634;2.2914102;0.127;2.2893527;0.139;195;195;195;195
2.2909558;0.113938056;2.2913828;0.127;2.2893274;0.139;195;195;195;195
2.2920504;0.11615044;2.2913566;0.127;2.2893033;0.139;195;195;195;195
2.2927344;0.111725666;2.2913299;0.127;2.2892776;0.14;195;195;195;195
2.2912822;0.12057522;2.2913017;0.128;2.289252;0.14;195;195;195;195
2.289201;0.121681415;2.2912748;0.128;2.2892272;0.14;195;195;195;195
2.293324;0.119469024;2.291248;0.128;2.2892022;0.141;195;195;195;195
2.2919102;0.109513275;2.2912223;0.128;2.2891784;0.141;195;195;195;195
2.2908828;0.12610619;2.291196;0.128;2.289153;0.141;195;195;195;195
2.2887354;0.12721239;2.2911708;0.129;2.2891304;0.141;195;195;195;195
2.2909648;0.11504425;2.2911446;0.129;2.2891054;0.141;195;195;195;195
2.2915657;0.11504425;2.2911184;0.129;2.2890825;0.141;195;195;195;195
2.2911096;0.10619469;2.2910912;0.131;2.2890565;0.141;195;195;195;195
2.289404;0.123893805;2.2910655;0.132;2.2890315;0.141;195;195;195;195
2.2878516;0.125;2.291039;0.132;2.2890053;0.141;195;195;195;195
2.2950802;0.095132746;2.2910109;0.132;2.2889798;0.141;195;195;195;195
2.2901206;0.12278761;2.2909844;0.132;2.288954;0.141;195;195;195;195
2.290144;0.11283186;2.2909577;0.133;2.288929;0.141;195;195;195;195
2.290616;0.11615044;2.2909296;0.133;2.2889044;0.141;195;195;195;195
2.2901082;0.12942478;2.2909038;0.134;2.2888806;0.141;195;195;195;195
2.289779;0.10840708;2.290878;0.135;2.2888565;0.142;195;195;195;195
2.2894025;0.11836283;2.2908518;0.135;2.288832;0.142;195;195;195;195
2.292132;0.119469024;2.2908244;0.135;2.2888067;0.143;195;195;195;195
2.2905643;0.11615044;2.2907977;0.137;2.2887821;0.143;195;195;195;195
2.2910118;0.12057522;2.2907715;0.137;2.2887573;0.143;195;195;195;195
2.2904067;0.107300885;2.2907434;0.137;2.2887316;0.143;195;195;195;195
2.2904253;0.11283186;2.2907166;0.137;2.2887073;0.143;195;195;195;195
2.2917576;0.111725666;2.2906895;0.137;2.288683;0.144;195;195;195;195
2.2923;0.117256634;2.2906618;0.138;2.288658;0.144;195;195;195;195
2.2900898;0.12278761;2.2906375;0.139;2.2886336;0.145;195;195;195;195
2.2893186;0.123893805;2.2906108;0.139;2.288608;0.146;195;195;195;195
2.2909844;0.119469024;2.2905843;0.141;2.2885828;0.146;195;195;195;195
2.2915413;0.117256634;2.290557;0.141;2.2885578;0.146;195;195;195;195
2.2904284;0.121681415;2.2905295;0.141;2.2885323;0.146;195;195;195;195
2.2900946;0.12278761;2.2905009;0.141;2.288506;0.146;195;195;195;195
2.2921324;0.10840708;2.2904747;0.141;2.2884822;0.146;195;195;195;195
2.292542;0.1039823;2.290447;0.141;2.2884579;0.146;195;195;195;195
2.2899077;0.123893805;2.2904189;0.141;2.2884321;0.146;195;195;195;195
2.292382;0.10619469;2.290391;0.141;2.2884061;0.146;195;195;195;195
2.290165;0.111725666;2.2903647;0.141;2.2883806;0.147;195;195;195;195
2.2923446;0.12278761;2.290337;0.142;2.2883575;0.147;195;195;195;195
2.2916682;0.102876104;2.2903113;0.142;2.2883334;0.149;195;195;195;195
2.291119;0.123893805;2.2902837;0.142;2.2883072;0.149;195;195;195;195
2.2909381;0.11836283;2.290257;0.142;2.2882812;0.151;195;195;195;195
2.2901685;0.125;2.2902293;0.142;2.2882566;0.151;195;195;195;195
2.289025;0.12057522;2.2902029;0.142;2.2882316;0.152;195;195;195;195
2.293619;0.11283186;2.2901742;0.142;2.2882059;0.152;195;195;195;195
2.2904274;0.113938056;2.2901478;0.143;2.288181;0.154;195;195;195;195
2.2908726;0.121681415;2.2901208;0.144;2.2881548;0.154;195;195;195;195
2.2909563;0.119469024;2.2900937;0.144;2.2881303;0.154;195;195;195;195
2.2899032;0.12610619;2.2900667;0.144;2.288105;0.154;195;195;195;195
2.2898903;0.12057522;2.2900395;0.145;2.2880795;0.154;195;195;195;195
2.288678;0.121681415;2.2900126;0.146;2.288054;0.154;195;195;195;195
2.291497;0.117256634;2.2899852;0.146;2.2880287;0.154;195;195;195;195
2.2936478;0.10840708;2.2899568;0.146;2.2880034;0.156;195;195;195;195
2.2907214;0.12942478;2.2899303;0.146;2.2879784;0.156;195;195;195;195
2.2930088;0.1039823;2.2899027;0.146;2.287954;0.155;195;195;195;195
2.2892058;0.12942478;2.289874;0.146;2.287927;0.156;195;195;195;195
2.2899256;0.11836283;2.2898462;0.146;2.287902;0.156;195;195;195;195
2.2883537;0.125;2.2898188;0.147;2.2878766;0.157;195;195;195;195
2.2903683;0.123893805;2.2897902;0.147;2.2878506;0.158;195;195;195;195
2.2892635;0.125;2.2897646;0.147;2.2878263;0.158;195;195;195;195
2.2887118;0.12831858;2.2897394;0.147;2.2878036;0.158;195;195;195;195
2.2911959;0.12278761;2.2897108;0.148;2.287777;0.158;195;195;195;195
2.2869506;0.13606195;2.2896833;0.148;2.2877514;0.158;195;195;195;195
2.2898295;0.11836283;2.2896547;0.148;2.2877254;0.158;195;195;195;195
2.2901185;0.12057522;2.2896285;0.148;2.2876997;0.158;195;195;195;195
2.2890067;0.12721239;2.2896001;0.148;2.2876737;0.158;195;195;195;195
2.290819;0.12057522;2.2895737;0.148;2.2876496;0.158;195;195;195;195
2.2907343;0.12278761;2.289547;0.149;2.2876241;0.158;195;195;195;195
2.2903435;0.13495575;2.2895174;0.149;2.2875972;0.158;195;195;195;195
2.2896538;0.12057522;2.2894902;0.149;2.2875724;0.158;195;195;195;195
2.2911685;0.11615044;2.2894633;0.149;2.2875469;0.159;195;195;195;195
2.2896647;0.113938056;2.2894368;0.149;2.2875228;0.159;195;195;195;195
2.2883894;0.123893805;2.2894077;0.149;2.2874966;0.16;195;195;195;195
2.2894585;0.121681415;2.289379;0.15;2.28747;0.16;195;195;195;195
2.2903583;0.11504425;2.2893522;0.15;2.2874448;0.159;195;195;195;195
2.2878623;0.13274336;2.2893248;0.15;2.28742;0.159;195;195;195;195
2.290146;0.11504425;2.289298;0.15;2.287395;0.16;195;195;195;195
2.2915285;0.121681415;2.2892718;0.15;2.2873704;0.16;195;195;195;195
2.2892668;0.14159292;2.289244;0.15;2.287344;0.161;195;195;195;195
2.2859871;0.13606195;2.2892158;0.15;2.287317;0.161;195;195;195;195
2.291087;0.11836283;2.2891867;0.152;2.2872915;0.162;195;195;195;195
2.2884536;0.13274336;2.289161;0.154;2.2872665;0.163;195;195;195;195
2.2917807;0.13053097;2.2891302;0.156;2.2872398;0.163;195;195;195;195
2.2870295;0.1449115;2.2891042;0.156;2.2872148;0.165;195;195;195;195
2.2894187;0.12057522;2.2890742;0.156;2.2871895;0.165;195;195;195;195
2.2889686;0.13495575;2.2890477;0.157;2.2871635;0.166;195;195;195;195
2.28843;0.13495575;2.2890196;0.158;2.287138;0.166;195;195;195;195
2.2900436;0.12610619;2.288994;0.158;2.2871127;0.168;195;195;195;195
2.290316;0.11836283;2.288967;0.158;2.2870882;0.168;195;195;195;195
2.289174;0.13384956;2.2889397;0.158;2.2870624;0.168;195;195;195;195
2.2890522;0.125;2.2889106;0.158;2.2870357;0.168;195;195;195;195
2.2899053;0.12721239;2.2888834;0.158;2.2870092;0.168;195;195;195;195
2.290808;0.12278761;2.288855;0.158;2.286983;0.168;195;195;195;195
2.2899742;0.11504425;2.2888267;0.158;2.2869575;0.168;195;195;195;195
2.2895954;0.11836283;2.288799;0.158;2.286932;0.167;195;195;195;195
2.2888145;0.12610619;2.2887714;0.159;2.2869067;0.167;195;195;195;195
2.2895231;0.123893805;2.2887442;0.16;2.2868807;0.167;195;195;195;195
2.287296;0.13716814;2.2887154;0.16;2.286854;0.167;195;195;195;195
2.2899642;0.12610619;2.2886863;0.16;2.286827;0.167;195;195;195;195
2.2885218;0.13606195;2.2886584;0.16;2.2868013;0.167;195;195;195;195
2.2886777;0.12278761;2.2886317;0.16;2.2867768;0.167;195;195;195;195
2.2885964;0.13274336;2.288605;0.16;2.2867513;0.167;195;195;195;195
2.2882545;0.14048673;2.2885773;0.161;2.2867255;0.167;195;195;195;195
2.2877145;0.12721239;2.288549;0.162;2.2866995;0.167;195;195;195;195
2.2872088;0.13163717;2.2885208;0.162;2.286673;0.168;195;195;195;195
2.2893474;0.13053097;2.2884915;0.162;2.2866457;0.168;195;195;195;195
2.2884533;0.13384956;2.2884629;0.162;2.286619;0.168;195;195;195;195
2.2883341;0.12721239;2.288436;0.162;2.2865927;0.168;195;195;195;195
2.2890658;0.13274336;2.2884092;0.162;2.2865689;0.168;195;195;195;195
2.287952;0.13163717;2.28838;0.162;2.286542;0.168;195;195;195;195
2.288141;0.13827434;2.2883518;0.161;2.286515;0.168;195;195;195;195
2.2892985;0.12610619;2.2883253;0.161;2.286491;0.168;195;195;195;195
2.2876573;0.12942478;2.288296;0.161;2.2864628;0.168;195;195;195;195
2.2892072;0.125;2.288268;0.163;2.2864358;0.168;195;195;195;195
2.2893045;0.13827434;2.288241;0.162;2.2864103;0.169;195;195;195;195
2.2883484;0.12831858;2.2882123;0.162;2.2863848;0.168;195;195;195;195
2.2874954;0.13716814;2.2881851;0.162;2.2863579;0.169;195;195;195;195
2.2882237;0.13938053;2.288156;0.162;2.2863326;0.17;195;195;195;195
2.2892196;0.12057522;2.288127;0.162;2.2863073;0.17;195;195;195;195
2.2870808;0.1449115;2.2880995;0.163;2.2862792;0.17;195;195;195;195
2.2876253;0.13938053;2.2880695;0.163;2.2862525;0.17;195;195;195;195
2.28817;0.13274336;2.2880394;0.164;2.286225;0.17;195;195;195;195
2.2894301;0.13274336;2.2880123;0.164;2.2862003;0.172;195;195;195;195
2.288076;0.14048673;2.2879856;0.164;2.2861748;0.172;195;195;195;195
2.2878275;0.13053097;2.2879565;0.164;2.2861476;0.172;195;195;195;195
2.2881808;0.121681415;2.2879276;0.166;2.2861214;0.172;195;195;195;195
2.2887342;0.13716814;2.2879004;0.166;2.2860968;0.172;195;195;195;195
2.2884276;0.13716814;2.2878735;0.167;2.2860706;0.172;195;195;195;195
2.2915182;0.11836283;2.2878454;0.168;2.2860448;0.172;195;195;195;195
2.2879212;0.13938053;2.2878172;0.169;2.2860196;0.172;195;195;195;195
2.286727;0.14380531;2.2877893;0.169;2.2859917;0.173;195;195;195;195
2.288371;0.13606195;2.2877598;0.169;2.2859647;0.173;195;195;195;195
2.2899237;0.12721239;2.2877302;0.169;2.2859383;0.173;195;195;195;195
2.2894764;0.12610619;2.2877026;0.169;2.2859113;0.174;195;195;195;195
2.288935;0.12610619;2.2876718;0.17;2.2858827;0.174;195;195;195;195
2.2894313;0.13274336;2.2876437;0.17;2.2858572;0.174;195;195;195;195
2.288037;0.14823009;2.2876167;0.17;2.2858317;0.173;195;195;195;195
2.2872179;0.14159292;2.2875867;0.17;2.2858052;0.174;195;195;195;195
2.289021;0.13938053;2.287559;0.17;2.2857783;0.174;195;195;195;195
2.2879946;0.13053097;2.287531;0.17;2.2857523;0.174;195;195;195;195
2.2874143;0.14159292;2.287503;0.171;2.2857254;0.173;195;195;195;195
2.289779;0.13384956;2.2874734;0.171;2.2856984;0.172;195;195;195;195
2.288111;0.13716814;2.2874455;0.172;2.2856739;0.172;195;195;195;195
2.2869022;0.14159292;2.2874162;0.172;2.2856467;0.172;195;195;195;195
2.2870405;0.13827434;2.2873871;0.172;2.2856205;0.175;195;195;195;195
2.2879238;0.13053097;2.2873588;0.172;2.2855945;0.174;195;195;195;195
2.2882357;0.13495575;2.2873304;0.172;2.2855678;0.174;195;195;195;195
2.2882378;0.13384956;2.287302;0.172;2.2855415;0.175;195;195;195;195
2.2871943;0.13053097;2.287274;0.172;2.2855158;0.176;195;195;195;195
2.2872922;0.13606195;2.2872448;0.172;2.2854886;0.176;195;195;195;195
2.285135;0.14159292;2.2872155;0.172;2.2854614;0.178;195;195;195;195
2.2874708;0.13827434;2.2871861;0.172;2.285435;0.179;195;195;195;195
2.2890763;0.12942478;2.2871568;0.172;2.2854064;0.179;195;195;195;195
2.288841;0.125;2.287127;0.172;2.28538;0.179;195;195;195;195
2.2869182;0.14269912;2.2870991;0.172;2.2853544;0.18;195;195;195;195
2.2875443;0.13827434;2.2870717;0.172;2.285328;0.18;195;195;195;195
2.2873333;0.14048673;2.287042;0.172;2.2852998;0.18;195;195;195;195
2.2879004;0.14159292;2.2870135;0.173;2.2852736;0.18;195;195;195;195
2.2876654;0.14269912;2.2869844;0.173;2.285248;0.181;195;195;195;195
2.2875447;0.14380531;2.2869558;0.173;2.2852213;0.181;195;195;195;195
2.2877514;0.13827434;2.2869258;0.173;2.2851946;0.181;195;195;195;195
2.2871094;0.1449115;2.2868972;0.173;2.2851686;0.182;195;195;195;195
2.288859;0.13053097;2.2868695;0.173;2.2851427;0.182;195;195;195;195
2.2873034;0.14048673;2.2868395;0.174;2.285115;0.182;195;195;195;195
2.2886758;0.13163717;2.28681;0.175;2.2850883;0.183;195;195;195;195
2.2861576;0.14048673;2.2867808;0.175;2.2850611;0.183;195;195;195;195
2.28525;0.14933628;2.2867534;0.175;2.2850356;0.183;195;195;195;195
2.2884498;0.14712389;2.286725;0.175;2.2850072;0.183;195;195;195;195
2.2882264;0.15265487;2.2866938;0.175;2.2849789;0.183;195;195;195;195
2.289574;0.13606195;2.286665;0.175;2.284952;0.183;195;195;195;195
2.2871492;0.14048673;2.2866354;0.175;2.284925;0.183;195;195;195;195
2.2862673;0.15486726;2.286606;0.175;2.2848983;0.183;195;195;195;195
2.2875757;0.14712389;2.286576;0.175;2.2848718;0.183;195;195;195;195
2.2879257;0.14159292;2.2865481;0.175;2.284845;0.183;195;195;195;195
2.2852397;0.14933628;2.286519;0.175;2.284819;0.183;195;195;195;195
2.287762;0.13163717;2.2864892;0.175;2.2847927;0.183;195;195;195;195
2.288065;0.14823009;2.2864597;0.175;2.2847652;0.183;195;195;195;195
2.2867692;0.15707965;2.2864301;0.176;2.2847378;0.183;195;195;195;195
2.2867546;0.15154867;2.2863996;0.176;2.2847095;0.183;195;195;195;195
2.2885866;0.13384956;2.286368;0.176;2.284681;0.183;195;195;195;195
2.2871451;0.13938053;2.2863386;0.176;2.284653;0.183;195;195;195;195
2.2864656;0.15265487;2.2863095;0.176;2.284626;0.183;195;195;195;195
2.2853699;0.15376106;2.2862797;0.176;2.284598;0.183;195;195;195;195
2.2868;0.1449115;2.2862513;0.176;2.284571;0.183;195;195;195;195
2.2862835;0.15376106;2.286222;0.176;2.2845445;0.183;195;195;195;195
2.2859828;0.13606195;2.2861924;0.176;2.2845159;0.183;195;195;195;195
2.287386;0.15707965;2.2861626;0.176;2.2844887;0.183;195;195;195;195
2.2849834;0.15818584;2.286133;0.177;2.2844615;0.184;195;195;195;195
2.2864933;0.14048673;2.286104;0.178;2.2844346;0.185;195;195;195;195
2.2848167;0.16814159;2.2860758;0.179;2.284409;0.186;195;195;195;195
2.2865024;0.15265487;2.286046;0.18;2.2843816;0.187;195;195;195;195
2.2851813;0.14823009;2.286018;0.179;2.2843544;0.188;195;195;195;195
2.286783;0.14823009;2.285987;0.18;2.2843258;0.188;195;195;195;195
2.2854621;0.16261062;2.2859588;0.181;2.2842999;0.188;195;195;195;195
2.2867968;0.14159292;2.2859302;0.182;2.2842736;0.188;195;195;195;195
2.2890933;0.14048673;2.2858987;0.182;2.284244;0.188;195;195;195;195
2.287693;0.1460177;2.2858698;0.181;2.2842176;0.188;195;195;195;195
2.2866;0.15486726;2.2858393;0.181;2.2841887;0.188;195;195;195;195
2.2887206;0.14823009;2.28581;0.183;2.2841613;0.188;195;195;195;195
2.2862322;0.14933628;2.2857802;0.183;2.2841341;0.188;195;195;195;195
2.2852378;0.15597345;2.285752;0.183;2.2841082;0.189;195;195;195;195
2.2880936;0.13495575;2.2857215;0.184;2.2840796;0.189;195;195;195;195
2.2865238;0.15929204;2.285692;0.186;2.2840517;0.189;195;195;195;195
2.2866964;0.15044248;2.2856631;0.186;2.2840238;0.19;195;195;195;195
2.2873452;0.14823009;2.2856343;0.187;2.2839963;0.19;195;195;195;195
2.2846162;0.14712389;2.2856052;0.187;2.2839706;0.19;195;195;195;195
2.2853224;0.16150442;2.285574;0.188;2.2839413;0.191;195;195;195;195
2.2855449;0.15818584;2.2855442;0.188;2.2839117;0.191;195;195;195;195
2.2867048;0.15376106;2.2855127;0.189;2.283883;0.191;195;195;195;195
2.2856708;0.15265487;2.2854831;0.19;2.2838566;0.191;195;195;195;195
2.2842884;0.16814159;2.2854545;0.19;2.283829;0.191;195;195;195;195
2.2868822;0.15818584;2.2854238;0.19;2.283801;0.191;195;195;195;195
2.286878;0.16371681;2.285395;0.191;2.2837753;0.191;195;195;195;195
2.2844992;0.15707965;2.2853658;0.192;2.2837467;0.192;195;195;195;195
2.2859845;0.14380531;2.285334;0.192;2.2837186;0.193;195;195;195;195
2.2855728;0.16150442;2.2853055;0.191;2.283691;0.193;195;195;195;195
2.2848454;0.15818584;2.285277;0.192;2.2836637;0.193;195;195;195;195
2.2857456;0.15818584;2.2852478;0.192;2.2836375;0.193;195;195;195;195
2.2872293;0.1449115;2.2852178;0.192;2.2836103;0.193;195;195;195;195
2.2851853;0.1670354;2.285187;0.192;2.2835808;0.193;195;195;195;195
2.285262;0.15818584;2.2851582;0.192;2.2835536;0.192;195;195;195;195
2.2850156;0.15929204;2.2851253;0.192;2.2835245;0.194;195;195;195;195
2.2835352;0.16482301;2.2850964;0.191;2.2834973;0.194;195;195;195;195
2.2858202;0.15818584;2.2850678;0.191;2.2834697;0.195;195;195;195;195
2.2844923;0.16371681;2.285037;0.193;2.2834413;0.195;195;195;195;195
2.2849357;0.16261062;2.2850075;0.193;2.2834136;0.196;195;195;195;195
2.287942;0.16261062;2.284977;0.193;2.283385;0.198;195;195;195;195
2.286233;0.16924779;2.2849479;0.193;2.2833576;0.198;195;195;195;195
2.2876587;0.15265487;2.2849164;0.194;2.28333;0.198;195;195;195;195
2.2871122;0.15597345;2.284886;0.195;2.283303;0.198;195;195;195;195
2.2857325;0.16150442;2.2848554;0.195;2.2832754;0.198;195;195;195;195
2.286088;0.15154867;2.284825;0.195;2.2832494;0.198;195;195;195;195
2.2858472;0.17146018;2.2847967;0.195;2.2832215;0.199;195;195;195;195
2.2854688;0.16261062;2.2847643;0.195;2.2831926;0.2;195;195;195;195
2.2855916;0.17699115;2.2847333;0.195;2.2831626;0.2;195;195;195;195
2.2842338;0.16039823;2.2847037;0.195;2.283135;0.2;195;195;195;195
2.2877393;0.15265487;2.2846737;0.195;2.283108;0.2;195;195;195;195
2.287689;0.15486726;2.284644;0.197;2.2830796;0.202;195;195;195;195
2.2868488;0.16482301;2.2846138;0.197;2.2830522;0.202;195;195;195;195
2.284462;0.17035398;2.2845829;0.197;2.2830243;0.202;195;195;195;195
2.2856855;0.16482301;2.2845519;0.197;2.282996;0.202;195;195;195;195
2.2867935;0.16482301;2.2845216;0.197;2.2829669;0.201;195;195;195;195
2.286438;0.16482301;2.2844884;0.199;2.2829373;0.201;195;195;195;195
2.2853434;0.15597345;2.28446;0.199;2.2829106;0.201;195;195;195;195
2.285183;0.16924779;2.2844296;0.199;2.2828834;0.201;195;195;195;195
2.284394;0.16150442;2.284398;0.199;2.2828546;0.202;195;195;195;195
2.2863402;0.15265487;2.2843668;0.2;2.2828257;0.202;195;195;195;195
2.2850897;0.18030973;2.284337;0.2;2.2827957;0.202;195;195;195;195
2.285814;0.17256637;2.2843049;0.201;2.2827673;0.202;195;195;195;195
2.283404;0.16814159;2.2842758;0.201;2.282741;0.203;195;195;195;195
2.2833922;0.16261062;2.2842462;0.202;2.2827115;0.203;195;195;195;195
2.2829633;0.16371681;2.2842143;0.202;2.282683;0.203;195;195;195;195
2.2835839;0.1880531;2.2841828;0.202;2.2826548;0.203;195;195;195;195
2.285997;0.17035398;2.2841532;0.203;2.2826262;0.203;195;195;195;195
2.2829664;0.16814159;2.284123;0.202;2.282598;0.205;195;195;195;195
2.2823217;0.17367257;2.2840936;0.203;2.282571;0.205;195;195;195;195
2.287165;0.14823009;2.2840624;0.204;2.2825422;0.205;195;195;195;195
2.2841845;0.17035398;2.2840316;0.205;2.282514;0.205;195;195;195;195
2.2825902;0.17809735;2.284001;0.204;2.2824857;0.205;195;195;195;195
2.284342;0.18584071;2.2839704;0.203;2.2824576;0.204;195;195;195;195
2.2858472;0.16371681;2.2839398;0.204;2.282429;0.204;195;195;195;195
2.2846086;0.15597345;2.2839105;0.204;2.282401;0.204;195;195;195;195
2.2830625;0.17809735;2.2838802;0.203;2.2823734;0.204;195;195;195;195
2.2878866;0.15929204;2.2838473;0.204;2.2823453;0.204;195;195;195;195
2.2856886;0.16814159;2.2838159;0.204;2.2823162;0.205;195;195;195;195
2.284883;0.18030973;2.2837849;0.204;2.2822871;0.205;195;195;195;195
2.2861078;0.15154867;2.2837524;0.205;2.2822578;0.205;195;195;195;195
2.285466;0.1670354;2.2837224;0.207;2.2822304;0.205;195;195;195;195
2.2837303;0.19137168;2.2836914;0.206;2.2822025;0.205;195;195;195;195
2.2841916;0.15818584;2.2836607;0.207;2.2821727;0.204;195;195;195;195
2.2843163;0.17809735;2.28363;0.209;2.2821434;0.204;195;195;195;195
2.2843926;0.16261062;2.2835975;0.211;2.282114;0.205;195;195;195;195
2.2830327;0.17588496;2.2835677;0.211;2.2820852;0.206;195;195;195;195
2.2844543;0.15929204;2.2835379;0.211;2.2820578;0.205;195;195;195;195
2.2853167;0.16039823;2.2835057;0.212;2.2820303;0.205;195;195;195;195
2.2858157;0.17367257;2.2834766;0.212;2.2820024;0.206;195;195;195;195
2.285581;0.16924779;2.2834435;0.212;2.2819724;0.206;195;195;195;195
2.2836058;0.15929204;2.283411;0.212;2.2819436;0.206;195;195;195;195
2.2852676;0.17699115;2.283382;0.211;2.2819147;0.207;195;195;195;195
2.2841046;0.15265487;2.2833502;0.214;2.281888;0.207;195;195;195;195
2.2847867;0.16924779;2.2833188;0.214;2.2818592;0.207;195;195;195;195
2.2857292;0.15707965;2.2832873;0.214;2.2818294;0.207;195;195;195;195
2.28506;0.15929204;2.2832558;0.214;2.2818017;0.208;195;195;195;195
2.2837672;0.17809735;2.283224;0.214;2.2817724;0.208;195;195;195;195
2.283281;0.1670354;2.2831933;0.214;2.2817438;0.21;195;195;195;195
2.2841587;0.18584071;2.283162;0.213;2.2817144;0.21;195;195;195;195
2.2852197;0.15707965;2.28313;0.213;2.281686;0.21;195;195;195;195
2.2818666;0.19247788;2.283097;0.213;2.2816553;0.21;195;195;195;195
2.2856927;0.16482301;2.2830656;0.213;2.2816274;0.21;195;195;195;195
2.2832677;0.18473451;2.2830343;0.214;2.2815986;0.21;195;195;195;195
2.2850354;0.17477876;2.283005;0.213;2.2815688;0.21;195;195;195;195
2.2834525;0.17809735;2.2829716;0.213;2.281539;0.21;195;195;195;195
2.2833965;0.18252212;2.282942;0.213;2.281509;0.21;195;195;195;195
2.2838035;0.18915929;2.2829096;0.213;2.281482;0.21;195;195;195;195
2.2834642;0.19026549;2.2828777;0.214;2.2814527;0.209;195;195;195;195
2.284301;0.1880531;2.282845;0.214;2.2814229;0.209;195;195;195;195
2.28314;0.17588496;2.282814;0.215;2.2813938;0.209;195;195;195;195
2.2824414;0.18473451;2.2827833;0.215;2.2813647;0.21;195;195;195;195
2.2841475;0.17699115;2.2827508;0.215;2.281335;0.209;195;195;195;195
2.283116;0.19247788;2.282718;0.216;2.281305;0.21;195;195;195;195
2.2830858;0.19137168;2.2826853;0.216;2.2812772;0.211;195;195;195;195
2.2869544;0.1659292;2.2826552;0.216;2.2812488;0.213;195;195;195;195
2.2828424;0.19690265;2.2826211;0.216;2.2812178;0.213;195;195;195;195
2.282273;0.18030973;2.282588;0.216;2.2811885;0.213;195;195;195;195
2.284069;0.19469027;2.2825556;0.216;2.2811592;0.213;195;195;195;195
2.283213;0.18141593;2.2825232;0.216;2.2811298;0.213;195;195;195;195
2.2834907;0.18915929;2.2824907;0.216;2.2810988;0.212;195;195;195;195
2.2826428;0.18252212;2.2824593;0.216;2.2810705;0.213;195;195;195;195
2.2798102;0.19911504;2.282429;0.216;2.2810407;0.214;195;195;195;195
2.2838304;0.18584071;2.2823968;0.216;2.2810106;0.213;195;195;195;195
2.2825944;0.17920354;2.2823648;0.216;2.2809813;0.214;195;195;195;195
2.2822633;0.17256637;2.2823327;0.215;2.2809525;0.213;195;195;195;195
2.284011;0.16924779;2.282301;0.215;2.2809236;0.214;195;195;195;195
2.2837033;0.18362832;2.2822683;0.215;2.2808948;0.215;195;195;195;195
2.2829273;0.18915929;2.2822359;0.215;2.2808652;0.215;195;195;195;195
2.283035;0.18362832;2.2822027;0.217;2.2808342;0.215;195;195;195;195
2.2807312;0.18915929;2.282172;0.217;2.2808058;0.215;195;195;195;195
2.2813916;0.19469027;2.282141;0.217;2.2807767;0.215;195;195;195;195
2.2820776;0.18584071;2.2821088;0.218;2.2807474;0.215;195;195;195;195
2.2834818;0.17699115;2.2820742;0.218;2.2807162;0.216;195;195;195;195
2.2836282;0.17809735;2.2820427;0.219;2.2806876;0.218;195;195;195;195
2.2818131;0.19137168;2.2820117;0.217;2.2806587;0.218;195;195;195;195
2.2811894;0.19911504;2.281978;0.217;2.2806273;0.219;195;195;195;195
2.2821012;0.19911504;2.281946;0.217;2.2805977;0.219;195;195;195;195
2.2833147;0.18141593;2.2819114;0.216;2.2805672;0.219;195;195;195;195
2.2831464;0.18030973;2.2818816;0.217;2.280539;0.219;195;195;195;195
2.2824578;0.1880531;2.2818496;0.216;2.2805097;0.219;195;195;195;195
2.2828548;0.18915929;2.2818165;0.216;2.2804785;0.219;195;195;195;195
2.2830884;0.17477876;2.2817843;0.217;2.2804492;0.22;195;195;195;195
2.2826211;0.18915929;2.281751;0.217;2.2804186;0.22;195;195;195;195
2.2803419;0.18141593;2.2817197;0.218;2.2803884;0.22;195;195;195;195
2.2810543;0.19137168;2.2816873;0.218;2.2803588;0.22;195;195;195;195
2.2834623;0.18030973;2.2816556;0.218;2.280329;0.22;195;195;195;195
2.281672;0.19690265;2.2816234;0.218;2.2802987;0.22;195;195;195;195
2.281069;0.19579646;2.2815888;0.22;2.2802675;0.219;195;195;195;195
2.2811422;0.18915929;2.2815564;0.22;2.280239;0.219;195;195;195;195
2.2830102;0.19137168;2.281524;0.22;2.2802076;0.219;195;195;195;195
2.2845554;0.17920354;2.28149;0.221;2.2801778;0.219;195;195;195;195
2.280296;0.19137168;2.281457;0.221;2.2801461;0.219;195;195;195;195
2.2810986;0.19579646;2.2814238;0.222;2.280117;0.219;195;195;195;195
2.2825842;0.1880531;2.2813919;0.222;2.2800872;0.219;195;195;195;195
2.2813787;0.19247788;2.2813594;0.222;2.2800574;0.221;195;195;195;195
2.284159;0.16039823;2.2813265;0.222;2.2800276;0.221;195;195;195;195
2.2816548;0.18141593;2.281294;0.223;2.2799969;0.221;195;195;195;195
2.281946;0.19247788;2.2812598;0.222;2.2799659;0.222;195;195;195;195
2.2818584;0.17809735;2.2812269;0.222;2.2799356;0.222;195;195;195;195
2.2829704;0.19800885;2.2811925;0.225;2.2799044;0.223;195;195;195;195
2.282176;0.1880531;2.281158;0.226;2.2798734;0.223;195;195;195;195
2.2845905;0.20575221;2.281125;0.226;2.2798443;0.223;195;195;195;195
2.2816103;0.18584071;2.2810936;0.227;2.2798145;0.223;195;195;195;195
2.2807226;0.20132743;2.281061;0.227;2.2797842;0.224;195;195;195;195
2.2838829;0.1880531;2.281026;0.228;2.2797537;0.224;195;195;195;195
2.2818866;0.19026549;2.280992;0.229;2.279722;0.224;195;195;195;195
2.2844417;0.18473451;2.2809603;0.23;2.2796922;0.224;195;195;195;195
2.2838652;0.1869469;2.2809274;0.23;2.2796621;0.224;195;195;195;195
2.2794282;0.21570796;2.2808948;0.23;2.2796314;0.224;195;195;195;195
2.2806323;0.19358407;2.2808633;0.23;2.279602;0.224;195;195;195;195
2.2845109;0.17477876;2.2808285;0.23;2.2795699;0.224;195;195;195;195
2.2796776;0.20022124;2.280795;0.23;2.279538;0.224;195;195;195;195
2.2807655;0.20022124;2.2807617;0.23;2.2795076;0.224;195;195;195;195
2.280422;0.21238938;2.28073;0.23;2.2794771;0.224;195;195;195;195
2.2803915;0.20022124;2.2806962;0.23;2.2794468;0.224;195;195;195;195
2.2830217;0.17699115;2.2806633;0.23;2.2794166;0.223;195;195;195;195
2.2831972;0.17477876;2.2806304;0.23;2.2793849;0.223;195;195;195;195
2.2818575;0.19800885;2.280596;0.23;2.2793531;0.223;195;195;195;195
2.280941;0.20132743;2.2805645;0.23;2.279324;0.223;195;195;195;195
2.2813296;0.19800885;2.2805324;0.23;2.2792935;0.223;195;195;195;195
2.281505;0.2090708;2.2804968;0.231;2.2792618;0.222;195;195;195;195
2.2817695;0.19690265;2.2804627;0.231;2.2792318;0.222;195;195;195;195
2.2806053;0.20685841;2.280429;0.231;2.2791991;0.222;195;195;195;195
2.282675;0.18362832;2.2803948;0.231;2.2791693;0.222;195;195;195;195
2.282232;0.19358407;2.2803605;0.232;2.2791357;0.222;195;195;195;195
2.2805624;0.19358407;2.2803254;0.233;2.2791052;0.222;195;195;195;195
2.2806687;0.19579646;2.2802923;0.233;2.2790751;0.222;195;195;195;195
2.2810855;0.19800885;2.2802594;0.235;2.2790442;0.222;195;195;195;195
2.2808528;0.2090708;2.2802258;0.235;2.2790127;0.222;195;195;195;195
2.2780297;0.21349558;2.2801921;0.235;2.2789814;0.222;195;195;195;195
2.2815864;0.19247788;2.2801595;0.235;2.2789502;0.223;195;195;195;195
2.2833478;0.19800885;2.280126;0.235;2.2789185;0.223;195;195;195;195
2.2808614;0.19026549;2.2800913;0.235;2.2788873;0.223;195;195;195;195
2.2801673;0.20022124;2.2800574;0.234;2.278858;0.222;195;195;195;195
2.2804673;0.19469027;2.2800236;0.234;2.2788258;0.222;195;195;195;195
2.2806032;0.20353982;2.279992;0.234;2.2787957;0.225;195;195;195;195
2.2821274;0.19247788;2.2799573;0.236;2.278762;0.224;195;195;195;195
2.283061;0.19358407;2.2799215;0.236;2.27873;0.225;195;195;195;195
2.2832963;0.17477876;2.279886;0.236;2.2786973;0.225;195;195;195;195
2.2816179;0.18030973;2.2798545;0.236;2.278668;0.226;195;195;195;195
2.280764;0.2090708;2.2798193;0.236;2.2786367;0.226;195;195;195;195
2.2801776;0.20243363;2.2797856;0.236;2.278606;0.226;195;195;195;195
2.2796268;0.2090708;2.2797499;0.236;2.278573;0.226;195;195;195;195
2.2814934;0.20353982;2.2797163;0.236;2.2785418;0.227;195;195;195;195
2.2809207;0.1880531;2.2796838;0.237;2.2785122;0.227;195;195;195;195
2.2797601;0.20575221;2.2796495;0.237;2.2784798;0.227;195;195;195;195
2.2822711;0.18915929;2.279615;0.237;2.2784467;0.227;195;195;195;195
2.278702;0.20685841;2.2795808;0.237;2.2784142;0.227;195;195;195;195
2.2800846;0.22013274;2.2795432;0.237;2.278382;0.228;195;195;195;195
2.2818527;0.20022124;2.2795103;0.237;2.2783523;0.23;195;195;195;195
2.279612;0.20464602;2.2794764;0.237;2.2783222;0.231;195;195;195;195
2.28073;0.19247788;2.2794414;0.237;2.2782893;0.231;195;195;195;195
2.2773638;0.2079646;2.279408;0.237;2.278258;0.231;195;195;195;195
2.2811928;0.19026549;2.2793725;0.237;2.278227;0.232;195;195;195;195
2.2809448;0.20132743;2.279338;0.237;2.2781944;0.232;195;195;195;195
2.2793136;0.21238938;2.2793043;0.237;2.2781634;0.232;195;195;195;195
2.2810128;0.19137168;2.2792706;0.237;2.278131;0.232;195;195;195;195
2.2815478;0.19137168;2.279235;0.237;2.2780995;0.232;195;195;195;195
2.2811875;0.20575221;2.279202;0.238;2.278068;0.232;195;195;195;195
2.2785337;0.21460177;2.2791665;0.239;2.2780364;0.232;195;195;195;195
2.278813;0.22123894;2.2791328;0.239;2.2780054;0.232;195;195;195;195
2.2813585;0.19469027;2.2790973;0.239;2.277973;0.232;195;195;195;195
2.2800138;0.19247788;2.2790625;0.239;2.2779405;0.232;195;195;195;195
2.2799056;0.19800885;2.2790282;0.239;2.277907;0.232;195;195;195;195
2.2791805;0.20685841;2.2789934;0.24;2.2778761;0.233;195;195;195;195
2.281146;0.1869469;2.278958;0.24;2.277844;0.235;195;195;195;195
2.2818384;0.19026549;2.278922;0.24;2.2778108;0.235;195;195;195;195
2.2780967;0.2090708;2.2788885;0.241;2.2777796;0.235;195;195;195;195
2.2820463;0.19469027;2.2788534;0.241;2.2777472;0.236;195;195;195;195
2.2795699;0.2079646;2.2788177;0.241;2.2777138;0.236;195;195;195;195
2.2788675;0.20685841;2.2787852;0.241;2.2776837;0.236;195;195;195;195
2.2811506;0.20464602;2.2787511;0.242;2.2776523;0.236;195;195;195;195
2.2800362;0.21238938;2.2787163;0.242;2.2776196;0.236;195;195;195;195
2.2791538;0.19579646;2.2786796;0.242;2.2775865;0.235;195;195;195;195
2.2818851;0.19690265;2.2786467;0.242;2.2775545;0.235;195;195;195;195
2.2801447;0.19911504;2.2786117;0.244;2.2775245;0.235;195;195;195;195
2.278622;0.22123894;2.2785764;0.244;2.277491;0.235;195;195;195;195
2.2788346;0.21017699;2.2785406;0.244;2.277458;0.235;195;195;195;195
2.2802515;0.20132743;2.2785025;0.244;2.277424;0.236;195;195;195;195
2.2797732;0.21902655;2.2784693;0.245;2.2773921;0.237;195;195;195;195
2.2790804;0.21017699;2.2784343;0.245;2.2773604;0.237;195;195;195;195
2.280333;0.20132743;2.2784011;0.245;2.277329;0.237;195;195;195;195
2.2805946;0.21238938;2.2783678;0.245;2.2772963;0.238;195;195;195;195
2.2798748;0.19911504;2.2783308;0.245;2.2772634;0.238;195;195;195;195
2.276174;0.2300885;2.2782946;0.245;2.27723;0.238;195;195;195;195
2.2795758;0.20464602;2.2782593;0.245;2.2771974;0.239;195;195;195;195
2.2778244;0.20685841;2.2782247;0.246;2.2771654;0.239;195;195;195;195
2.2786968;0.2090708;2.2781887;0.246;2.2771318;0.239;195;195;195;195
2.2794316;0.21128319;2.2781513;0.246;2.2771003;0.239;195;195;195;195
2.2800164;0.20575221;2.2781157;0.247;2.2770689;0.239;195;195;195;195
2.2783523;0.21570796;2.2780817;0.248;2.2770343;0.239;195;195;195;195
2.2822099;0.20132743;2.278045;0.248;2.2770019;0.239;195;195;195;195
2.2791927;0.21238938;2.2780092;0.248;2.2769682;0.24;195;195;195;195
2.2790399;0.21349558;2.2779756;0.249;2.2769375;0.24;195;195;195;195
2.2789538;0.19358407;2.2779381;0.249;2.2769048;0.24;195;195;195;195
2.2821949;0.19800885;2.277903;0.249;2.2768726;0.241;195;195;195;195
2.2800472;0.21570796;2.2778695;0.249;2.276841;0.241;195;195;195;195
2.2829995;0.19911504;2.2778335;0.249;2.276808;0.241;195;195;195;195
2.279902;0.21238938;2.2777984;0.249;2.2767766;0.241;195;195;195;195
2.2769434;0.22013274;2.2777622;0.25;2.2767413;0.241;195;195;195;195
2.278871;0.21017699;2.2777243;0.25;2.2767076;0.241;195;195;195;195
2.2779698;0.21792035;2.2776895;0.25;2.2766736;0.241;195;195;195;195
2.2790463;0.21902655;2.2776532;0.251;2.27664;0.241;195;195;195;195
2.2774186;0.21349558;2.2776165;0.251;2.2766056;0.241;195;195;195;195
2.2817104;0.20464602;2.2775803;0.251;2.2765734;0.24;195;195;195;195
2.278624;0.22787611;2.2775426;0.252;2.2765388;0.24;195;195;195;195
2.2772243;0.22123894;2.2775083;0.252;2.276506;0.24;195;195;195;195
2.2797194;0.20132743;2.2774696;0.252;2.2764726;0.24;195;195;195;195
2.2799397;0.21902655;2.277436;0.252;2.2764416;0.24;195;195;195;195
2.2788813;0.20685841;2.2774007;0.252;2.2764087;0.24;195;195;195;195
2.2781453;0.21460177;2.2773645;0.252;2.2763772;0.24;195;195;195;195
2.2785673;0.20685841;2.2773306;0.252;2.2763424;0.24;195;195;195;195
2.2789009;0.21017699;2.2772925;0.252;2.2763066;0.24;195;195;195;195
2.281079;0.21128319;2.2772565;0.252;2.2762747;0.239;195;195;195;195
2.280211;0.19469027;2.2772217;0.252;2.2762423;0.24;195;195;195;195
2.2778711;0.22234513;2.277185;0.252;2.276208;0.239;195;195;195;195
2.2806504;0.20243363;2.2771487;0.252;2.2761722;0.239;195;195;195;195
2.2796707;0.21349558;2.2771113;0.253;2.2761395;0.238;195;195;195;195
2.2774968;0.20464602;2.2770743;0.253;2.2761035;0.239;195;195;195;195
2.2791245;0.20685841;2.2770371;0.253;2.27607;0.239;195;195;195;195
2.2771435;0.23340708;2.2770007;0.253;2.2760375;0.24;195;195;195;195
2.277316;0.22787611;2.276964;0.253;2.2760022;0.241;195;195;195;195
2.2784364;0.21792035;2.2769244;0.253;2.2759674;0.241;195;195;195;195
2.278157;0.21460177;2.2768872;0.254;2.2759316;0.241;195;195;195;195
2.2757952;0.22455752;2.2768507;0.254;2.2758996;0.241;195;195;195;195
2.2797952;0.22455752;2.2768157;0.253;2.2758653;0.242;195;195;195;195
2.280291;0.20685841;2.2767797;0.255;2.2758336;0.243;195;195;195;195
2.2784688;0.20575221;2.276741;0.256;2.2757983;0.243;195;195;195;195
2.275773;0.22234513;2.2767048;0.256;2.2757683;0.243;195;195;195;195
2.2783096;0.2090708;2.2766685;0.256;2.2757332;0.243;195;195;195;195
2.2769878;0.19358407;2.2766314;0.256;2.2757006;0.243;195;195;195;195
2.2769818;0.2090708;2.2765954;0.256;2.2756684;0.243;195;195;195;195
2.2797663;0.19911504;2.2765596;0.257;2.2756345;0.244;195;195;195;195
2.2794142;0.21238938;2.2765255;0.257;2.2756033;0.244;195;195;195;195
2.2787104;0.19690265;2.276487;0.258;2.2755692;0.244;195;195;195;195
2.2785428;0.21902655;2.27645;0.257;2.275533;0.244;195;195;195;195
2.2775862;0.19800885;2.2764137;0.257;2.275499;0.244;195;195;195;195
2.2815547;0.19469027;2.2763758;0.258;2.275464;0.245;195;195;195;195
2.2775173;0.21681416;2.2763383;0.258;2.2754278;0.245;195;195;195;195
2.2751958;0.20685841;2.2763052;0.258;2.2753966;0.245;195;195;195;195
2.277382;0.21460177;2.2762678;0.258;2.2753618;0.245;195;195;195;195
2.2760706;0.22123894;2.2762308;0.258;2.2753289;0.245;195;195;195;195
2.2785852;0.20132743;2.2761922;0.258;2.2752936;0.246;195;195;195;195
2.2795281;0.20575221;2.2761548;0.258;2.2752597;0.246;195;195;195;195
2.277329;0.21460177;2.2761185;0.259;2.275226;0.246;195;195;195;195
2.2781394;0.20685841;2.2760813;0.258;2.2751918;0.246;195;195;195;195
2.2766109;0.21349558;2.2760425;0.26;2.2751582;0.246;195;195;195;195
2.275583;0.23119469;2.276004;0.259;2.2751224;0.246;195;195;195;195
2.2764575;0.22345133;2.275966;0.259;2.2750876;0.246;195;195;195;195
2.2760909;0.21570796;2.2759292;0.259;2.275054;0.246;195;195;195;195
2.27744;0.21460177;2.2758913;0.259;2.27502;0.247;195;195;195;195
2.2754962;0.23893805;2.275853;0.259;2.2749846;0.247;195;195;195;195
2.2759957;0.2289823;2.2758157;0.259;2.274948;0.247;195;195;195;195
2.2766054;0.21681416;2.2757795;0.259;2.274914;0.247;195;195;195;195
2.2771726;0.2300885;2.2757413;0.259;2.2748802;0.247;195;195;195;195
2.2766528;0.23783186;2.275705;0.259;2.2748458;0.247;195;195;195;195
2.2772944;0.21681416;2.2756662;0.259;2.2748115;0.247;195;195;195;195
2.2773185;0.20353982;2.2756286;0.26;2.274775;0.247;195;195;195;195
2.2760496;0.22234513;2.2755904;0.26;2.2747407;0.247;195;195;195;195
2.2785897;0.2079646;2.2755525;0.26;2.274705;0.247;195;195;195;195
2.2793186;0.20685841;2.2755153;0.26;2.2746718;0.247;195;195;195;195
2.276954;0.2090708;2.275479;0.261;2.2746377;0.247;195;195;195;195
2.2777178;0.21460177;2.275441;0.261;2.2746012;0.247;195;195;195;195
2.279174;0.21017699;2.2754028;0.263;2.274568;0.247;195;195;195;195
2.2773983;0.19911504;2.2753642;0.263;2.274532;0.247;195;195;195;195
2.2762485;0.23561947;2.2753272;0.263;2.2744987;0.247;195;195;195;195
2.2771792;0.21792035;2.275289;0.262;2.274464;0.247;195;195;195;195
2.2762024;0.22455752;2.2752495;0.262;2.274429;0.247;195;195;195;195
2.2802863;0.2090708;2.275215;0.262;2.2743964;0.247;195;195;195;195
2.2771976;0.21128319;2.2751775;0.262;2.2743602;0.247;195;195;195;195
2.275989;0.22676991;2.2751405;0.262;2.274329;0.247;195;195;195;195
2.275809;0.22345133;2.2751033;0.262;2.274294;0.248;195;195;195;195
2.2763627;0.21570796;2.275065;0.263;2.2742584;0.248;195;195;195;195
2.2774162;0.21460177;2.2750251;0.264;2.2742221;0.248;195;195;195;195
2.2766151;0.22345133;2.2749877;0.264;2.2741866;0.248;195;195;195;195
2.2785835;0.21681416;2.2749512;0.264;2.2741537;0.248;195;195;195;195
2.2783566;0.21570796;2.2749124;0.264;2.274119;0.248;195;195;195;195
2.274414;0.24115044;2.2748752;0.264;2.2740848;0.248;195;195;195;195
2.2784913;0.21238938;2.2748368;0.264;2.2740493;0.248;195;195;195;195
2.2769945;0.22234513;2.2747974;0.264;2.2740111;0.248;195;195;195;195
2.2759972;0.21681416;2.2747583;0.265;2.2739758;0.248;195;195;195;195
2.2783444;0.22234513;2.2747219;0.266;2.2739403;0.248;195;195;195;195
2.2758965;0.22345133;2.2746823;0.268;2.273906;0.248;195;195;195;195
2.2763684;0.23451327;2.2746434;0.268;2.27387;0.247;195;195;195;195
2.2781596;0.21017699;2.274604;0.268;2.2738352;0.247;195;195;195;195
2.275037;0.22455752;2.2745667;0.269;2.2738001;0.247;195;195;195;195
2.2738395;0.24778761;2.2745285;0.27;2.2737632;0.247;195;195;195;195
2.2732668;0.24004425;2.27449;0.27;2.273728;0.247;195;195;195;195
2.2754643;0.22676991;2.274451;0.27;2.2736914;0.247;195;195;195;195
2.2752323;0.24336283;2.2744117;0.271;2.273657;0.247;195;195;195;195
2.2773511;0.2300885;2.2743738;0.271;2.27362;0.248;195;195;195;195
2.2767985;0.22455752;2.2743342;0.271;2.2735844;0.248;195;195;195;195
2.274546;0.2511062;2.2742941;0.27;2.2735488;0.248;195;195;195;195
2.2755513;0.23893805;2.2742553;0.271;2.2735128;0.248;195;195;195;195
2.275468;0.24557522;2.2742164;0.271;2.273477;0.248;195;195;195;195
2.2749667;0.2289823;2.2741778;0.272;2.273441;0.248;195;195;195;195
2.2752073;0.23783186;2.2741396;0.272;2.2734056;0.248;195;195;195;195
2.277672;0.22013274;2.2741003;0.272;2.273371;0.248;195;195;195;195
2.2744322;0.2289823;2.274062;0.271;2.273336;0.25;195;195;195;195
2.276281;0.22234513;2.274023;0.271;2.273298;0.25;195;195;195;195
2.2734556;0.23783186;2.2739859;0.271;2.2732632;0.25;195;195;195;195
2.2735174;0.23561947;2.2739458;0.271;2.2732263;0.25;195;195;195;195
2.2723427;0.23340708;2.273905;0.271;2.273189;0.25;195;195;195;195
2.2770772;0.21902655;2.2738664;0.27;2.2731545;0.25;195;195;195;195
2.2748325;0.23561947;2.2738273;0.27;2.2731183;0.25;195;195;195;195
2.2767138;0.23119469;2.273788;0.27;2.2730818;0.25;195;195;195;195
2.273169;0.25774336;2.2737503;0.27;2.2730467;0.25;195;195;195;195
2.275594;0.22234513;2.2737095;0.27;2.2730088;0.25;195;195;195;195
2.2767932;0.22566372;2.273669;0.271;2.2729726;0.25;195;195;195;195
2.2779746;0.23340708;2.27363;0.27;2.2729352;0.25;195;195;195;195
2.2741435;0.23893805;2.2735915;0.271;2.2728994;0.25;195;195;195;195
2.276315;0.22013274;2.273552;0.271;2.2728639;0.25;195;195;195;195
2.2765307;0.23230088;2.2735126;0.272;2.272827;0.25;195;195;195;195
2.275069;0.22455752;2.2734714;0.273;2.2727902;0.25;195;195;195;195
2.2781026;0.21349558;2.273432;0.273;2.2727537;0.25;195;195;195;195
2.275779;0.22455752;2.2733934;0.273;2.2727175;0.25;195;195;195;195
2.274715;0.2289823;2.2733538;0.273;2.2726817;0.25;195;195;195;195
2.2741327;0.23893805;2.2733145;0.274;2.2726452;0.25;195;195;195;195
2.2762353;0.21902655;2.2732751;0.274;2.2726076;0.25;195;195;195;195
2.2772174;0.23230088;2.2732368;0.274;2.2725725;0.251;195;195;195;195
2.2753003;0.22676991;2.2731962;0.274;2.2725346;0.253;195;195;195;195
2.2751222;0.22234513;2.2731543;0.274;2.2724977;0.253;195;195;195;195
2.2748392;0.23672566;2.273115;0.274;2.2724614;0.253;195;195;195;195
2.273044;0.23783186;2.2730758;0.274;2.2724264;0.253;195;195;195;195
2.276601;0.2289823;2.2730362;0.274;2.2723885;0.253;195;195;195;195
2.275673;0.22676991;2.2729952;0.274;2.272352;0.253;195;195;195;195
2.275563;0.23451327;2.272956;0.274;2.2723145;0.253;195;195;195;195
2.2755547;0.2300885;2.2729166;0.274;2.272278;0.253;195;195;195;195
2.2742772;0.24557522;2.272876;0.275;2.272241;0.253;195;195;195;195
2.2761698;0.24004425;2.2728333;0.275;2.272204;0.253;195;195;195;195
2.2734776;0.24115044;2.272794;0.275;2.2721663;0.253;195;195;195;195
2.2776544;0.22234513;2.2727544;0.275;2.2721305;0.252;195;195;195;195
2.2736065;0.24115044;2.272715;0.275;2.2720933;0.253;195;195;195;195
2.274266;0.2300885;2.2726767;0.275;2.2720573;0.253;195;195;195;195
2.274747;0.22566372;2.2726357;0.275;2.2720194;0.253;195;195;195;195
2.2737923;0.2300885;2.272597;0.275;2.2719839;0.254;195;195;195;195
2.2740762;0.23783186;2.2725546;0.276;2.2719464;0.254;195;195;195;195
2.274267;0.25331858;2.2725155;0.276;2.27191;0.254;195;195;195;195
2.2776163;0.22676991;2.272476;0.276;2.271871;0.254;195;195;195;195
2.2733927;0.22787611;2.2724361;0.276;2.271835;0.254;195;195;195;195
2.2749896;0.23561947;2.2723944;0.276;2.271797;0.254;195;195;195;195
2.2740378;0.24668142;2.2723553;0.276;2.271759;0.254;195;195;195;195
2.2776408;0.21460177;2.2723157;0.276;2.2717237;0.254;195;195;195;195
2.2760973;0.24225664;2.2722743;0.275;2.2716863;0.254;195;195;195;195
2.2716043;0.26106194;2.2722325;0.276;2.2716491;0.254;195;195;195;195
2.2737312;0.24225664;2.2721908;0.276;2.27161;0.254;195;195;195;195
2.272613;0.24336283;2.2721515;0.276;2.2715747;0.254;195;195;195;195
2.273693;0.23451327;2.2721121;0.276;2.2715385;0.254;195;195;195;195
2.2773724;0.22455752;2.272071;0.276;2.271501;0.253;195;195;195;195
2.2740943;0.25221238;2.2720296;0.276;2.2714627;0.253;195;195;195;195
2.2739627;0.23561947;2.2719905;0.276;2.2714262;0.253;195;195;195;195
2.2748804;0.23561947;2.2719479;0.276;2.2713885;0.253;195;195;195;195
2.2751782;0.24115044;2.2719083;0.276;2.2713513;0.255;195;195;195;195
2.2744849;0.25331858;2.2718651;0.276;2.271312;0.255;195;195;195;195
2.2735896;0.23561947;2.2718246;0.277;2.271275;0.255;195;195;195;195
2.2760625;0.23672566;2.2717838;0.277;2.2712376;0.256;195;195;195;195
2.2734277;0.24778761;2.271741;0.277;2.2711992;0.256;195;195;195;195
2.2727087;0.24446903;2.2716982;0.277;2.2711587;0.257;195;195;195;195
2.2724237;0.25442478;2.2716563;0.277;2.2711208;0.257;195;195;195;195
2.2766263;0.21238938;2.2716172;0.277;2.2710857;0.257;195;195;195;195
2.2758813;0.22676991;2.2715762;0.277;2.2710476;0.257;195;195;195;195
2.275938;0.23230088;2.2715335;0.277;2.2710092;0.257;195;195;195;195
2.270917;0.24557522;2.271493;0.277;2.270971;0.258;195;195;195;195
2.2709322;0.26106194;2.2714522;0.277;2.270933;0.257;195;195;195;195
2.2729979;0.25;2.27141;0.277;2.2708938;0.258;195;195;195;195
2.2722192;0.24668142;2.2713687;0.277;2.2708538;0.258;195;195;195;195
2.2738912;0.23230088;2.2713277;0.277;2.2708158;0.258;195;195;195;195
2.2760394;0.23230088;2.2712855;0.278;2.270777;0.258;195;195;195;195
2.2739813;0.24778761;2.2712429;0.278;2.2707396;0.258;195;195;195;195
2.2753284;0.23451327;2.2712026;0.278;2.2707033;0.259;195;195;195;195
2.2750332;0.22455752;2.2711625;0.278;2.2706664;0.259;195;195;195;195
2.273442;0.23451327;2.2711198;0.278;2.2706268;0.26;195;195;195;195
2.2771482;0.23893805;2.2710798;0.279;2.2705896;0.259;195;195;195;195
2.271723;0.25221238;2.2710388;0.279;2.2705503;0.259;195;195;195;195
2.2743366;0.22455752;2.2709985;0.279;2.2705126;0.259;195;195;195;195
2.2750332;0.23783186;2.270957;0.279;2.2704742;0.259;195;195;195;195
2.272732;0.25442478;2.270914;0.279;2.270437;0.259;195;195;195;195
2.2694561;0.26438054;2.270874;0.279;2.2703974;0.259;195;195;195;195
2.2736099;0.24225664;2.2708328;0.279;2.2703588;0.26;195;195;195;195
2.2765698;0.21902655;2.270792;0.279;2.2703211;0.259;195;195;195;195
2.2715795;0.24557522;2.27075;0.279;2.2702823;0.258;195;195;195;195
2.2738655;0.25221238;2.2707067;0.279;2.270244;0.258;195;195;195;195
2.27205;0.23893805;2.270665;0.28;2.270205;0.258;195;195;195;195
2.2742293;0.22676991;2.270623;0.28;2.2701678;0.258;195;195;195;195
2.2716634;0.26659292;2.27058;0.28;2.2701275;0.258;195;195;195;195
2.274089;0.24889381;2.2705386;0.28;2.2700896;0.258;195;195;195;195
2.2757826;0.22787611;2.270494;0.28;2.270049;0.258;195;195;195;195
2.2728233;0.24004425;2.2704523;0.28;2.2700102;0.258;195;195;195;195
2.2693272;0.2699115;2.270411;0.28;2.2699718;0.258;195;195;195;195
2.271613;0.24446903;2.2703698;0.28;2.269934;0.258;195;195;195;195
2.2737293;0.21349558;2.2703261;0.28;2.269895;0.258;195;195;195;195
2.2730575;0.23672566;2.270284;0.28;2.269856;0.258;195;195;195;195
2.270078;0.25995576;2.270242;0.28;2.2698178;0.258;195;195;195;195
2.2728639;0.22566372;2.2701974;0.28;2.2697763;0.258;195;195;195;195
2.2705986;0.25663716;2.2701561;0.28;2.2697368;0.258;195;195;195;195
2.2749104;0.24778761;2.2701123;0.28;2.2696972;0.258;195;195;195;195
2.2712846;0.26106194;2.2700694;0.28;2.2696602;0.257;195;195;195;195
2.2729213;0.24778761;2.2700236;0.279;2.2696183;0.257;195;195;195;195
2.2713234;0.24668142;2.269981;0.279;2.2695806;0.257;195;195;195;195
2.2721803;0.24446903;2.2699404;0.279;2.269542;0.257;195;195;195;195
2.273475;0.24004425;2.2698967;0.279;2.2695029;0.257;195;195;195;195
2.270606;0.26659292;2.2698543;0.279;2.269465;0.258;195;195;195;195
2.2724633;0.2511062;2.2698126;0.279;2.2694278;0.258;195;195;195;195
2.273543;0.23672566;2.2697718;0.279;2.2693896;0.258;195;195;195;195
2.269902;0.24778761;2.2697284;0.279;2.2693474;0.258;195;195;195;195
2.2722535;0.24668142;2.2696843;0.279;2.2693083;0.258;195;195;195;195
2.2713037;0.25331858;2.2696424;0.28;2.2692685;0.259;195;195;195;195
2.2717776;0.24557522;2.2695997;0.28;2.2692297;0.259;195;195;195;195
2.2724645;0.23340708;2.2695565;0.28;2.2691886;0.259;195;195;195;195
2.272107;0.2289823;2.269513;0.28;2.2691493;0.259;195;195;195;195
2.270725;0.26327434;2.2694697;0.28;2.2691102;0.259;195;195;195;195
2.2735064;0.2511062;2.269424;0.28;2.2690682;0.259;195;195;195;195
2.2717848;0.24778761;2.2693813;0.28;2.2690282;0.259;195;195;195;195
2.2716937;0.24225664;2.2693381;0.28;2.2689881;0.259;195;195;195;195
2.2709491;0.26438054;2.2692933;0.28;2.2689462;0.259;195;195;195;195
2.2730055;0.23561947;2.2692513;0.28;2.2689068;0.26;195;195;195;195
2.2730434;0.24336283;2.2692063;0.28;2.2688673;0.26;195;195;195;195
2.2732484;0.23230088;2.2691627;0.28;2.2688277;0.26;195;195;195;195
2.2741592;0.23230088;2.2691202;0.281;2.26879;0.259;195;195;195;195
2.2731357;0.23783186;2.2690754;0.281;2.2687478;0.26;195;195;195;195
2.2712538;0.2511062;2.2690315;0.281;2.2687075;0.259;195;195;195;195
2.2727432;0.23451327;2.2689898;0.282;2.268669;0.26;195;195;195;195
2.268923;0.25442478;2.2689455;0.282;2.2686307;0.26;195;195;195;195
2.2722945;0.24889381;2.2689025;0.282;2.26859;0.261;195;195;195;195
2.271606;0.25663716;2.2688599;0.282;2.2685516;0.26;195;195;195;195
2.2724693;0.23561947;2.2688184;0.281;2.2685108;0.26;195;195;195;195
2.2738853;0.23340708;2.2687721;0.282;2.26847;0.26;195;195;195;195
2.2718403;0.24778761;2.2687278;0.281;2.268429;0.26;195;195;195;195
2.2717834;0.23451327;2.2686841;0.281;2.2683883;0.26;195;195;195;195
2.274016;0.23119469;2.2686396;0.281;2.2683465;0.26;195;195;195;195
2.269496;0.25331858;2.2685978;0.281;2.268308;0.26;195;195;195;195
2.2720807;0.24004425;2.2685509;0.282;2.2682652;0.26;195;195;195;195
2.273339;0.23451327;2.268507;0.282;2.2682242;0.26;195;195;195;195
2.2688885;0.2699115;2.268463;0.282;2.268184;0.26;195;195;195;195
2.2736669;0.23893805;2.268419;0.282;2.268143;0.26;195;195;195;195
2.27113;0.23893805;2.2683752;0.282;2.2681024;0.26;195;195;195;195
2.2727735;0.23783186;2.268331;0.282;2.2680607;0.26;195;195;195;195
2.2728655;0.22566372;2.2682862;0.282;2.2680192;0.26;195;195;195;195
2.2700772;0.26769912;2.2682433;0.283;2.2679822;0.26;195;195;195;195
2.2702615;0.26106194;2.268197;0.283;2.2679381;0.26;195;195;195;195
2.270321;0.26548672;2.268152;0.283;2.267898;0.26;195;195;195;195
2.2702024;0.25331858;2.2681072;0.283;2.2678564;0.26;195;195;195;195
2.2704434;0.24557522;2.2680628;0.284;2.267816;0.26;195;195;195;195
2.269306;0.24557522;2.268019;0.284;2.267777;0.26;195;195;195;195
2.2706811;0.2710177;2.2679737;0.283;2.267736;0.26;195;195;195;195
2.2721193;0.24004425;2.26793;0.283;2.2676947;0.26;195;195;195;195
2.2740216;0.22676991;2.267883;0.283;2.267652;0.26;195;195;195;195
2.2716472;0.24115044;2.267837;0.283;2.2676094;0.26;195;195;195;195
2.2684069;0.26106194;2.2677894;0.283;2.2675648;0.26;195;195;195;195
2.2709389;0.25331858;2.267747;0.283;2.2675266;0.26;195;195;195;195
2.2669408;0.24778761;2.2677026;0.283;2.267487;0.261;195;195;195;195
2.269633;0.24668142;2.2676597;0.283;2.2674465;0.261;195;195;195;195
2.2718787;0.24889381;2.2676146;0.283;2.2674065;0.261;195;195;195;195
2.2713494;0.24557522;2.2675679;0.283;2.2673624;0.261;195;195;195;195
2.2708607;0.24889381;2.2675228;0.284;2.2673206;0.261;195;195;195;195
2.2716842;0.24446903;2.2674773;0.285;2.2672799;0.261;195;195;195;195
2.2711227;0.25331858;2.2674296;0.285;2.2672365;0.261;195;195;195;195
2.269826;0.25;2.2673838;0.286;2.2671938;0.261;195;195;195;195
2.2693403;0.2511062;2.267338;0.286;2.2671518;0.261;195;195;195;195
2.2697253;0.24668142;2.2672925;0.286;2.2671103;0.261;195;195;195;195
2.2719133;0.23561947;2.2672496;0.285;2.2670712;0.261;195;195;195;195
2.268482;0.25331858;2.2672029;0.285;2.2670293;0.261;195;195;195;195
2.2686443;0.24446903;2.2671547;0.285;2.2669864;0.262;195;195;195;195
2.269104;0.24668142;2.2671094;0.285;2.2669454;0.262;195;195;195;195
2.2697792;0.26216814;2.267064;0.285;2.2669048;0.262;195;195;195;195
2.27154;0.24446903;2.2670186;0.285;2.2668629;0.263;195;195;195;195
2.2700508;0.24004425;2.2669747;0.285;2.2668216;0.263;195;195;195;195
2.269;0.25331858;2.2669284;0.285;2.2667787;0.263;195;195;195;195
2.2668948;0.2688053;2.2668834;0.285;2.2667391;0.264;195;195;195;195
2.266656;0.25442478;2.2668383;0.285;2.2666953;0.264;195;195;195;195
2.2686133;0.26106194;2.2667913;0.285;2.266653;0.264;195;195;195;195
2.270296;0.24889381;2.2667441;0.285;2.2666109;0.264;195;195;195;195
2.2690308;0.26106194;2.2666962;0.285;2.266568;0.264;195;195;195;195
2.2698023;0.26216814;2.2666492;0.285;2.2665246;0.264;195;195;195;195
2.269142;0.26327434;2.266602;0.285;2.2664824;0.264;195;195;195;195
2.2684693;0.25221238;2.266556;0.285;2.2664413;0.264;195;195;195;195
2.2685187;0.26106194;2.2665107;0.285;2.2663996;0.264;195;195;195;195
2.2694275;0.25995576;2.2664638;0.285;2.2663565;0.264;195;195;195;195
2.2713356;0.24889381;2.2664185;0.285;2.2663138;0.264;195;195;195;195
2.270228;0.24004425;2.266372;0.285;2.2662716;0.264;195;195;195;195
2.2665606;0.27323008;2.2663262;0.285;2.2662292;0.264;195;195;195;195
2.2693114;0.25;2.266278;0.285;2.2661855;0.264;195;195;195;195
2.2729244;0.24446903;2.2662296;0.286;2.2661421;0.264;195;195;195;195
2.2702904;0.24557522;2.266185;0.286;2.2661011;0.264;195;195;195;195
2.2679133;0.26769912;2.2661393;0.286;2.2660594;0.264;195;195;195;195
2.2682137;0.25995576;2.2660923;0.286;2.2660153;0.265;195;195;195;195
2.2716792;0.2300885;2.2660446;0.286;2.2659729;0.265;195;195;195;195
2.2705202;0.27544248;2.2659996;0.286;2.2659316;0.265;195;195;195;195
2.269215;0.25331858;2.2659545;0.286;2.2658901;0.265;195;195;195;195
2.2671914;0.2710177;2.2659085;0.286;2.265848;0.265;195;195;195;195
2.2692935;0.24336283;2.265859;0.287;2.2658048;0.265;195;195;195;195
2.2690544;0.25331858;2.26581;0.287;2.265762;0.265;195;195;195;195
2.2678158;0.24889381;2.2657628;0.287;2.2657192;0.266;195;195;195;195
2.2687805;0.23119469;2.2657163;0.287;2.2656763;0.266;195;195;195;195
2.2703817;0.24557522;2.265672;0.286;2.2656345;0.268;195;195;195;195
2.271437;0.24668142;2.2656248;0.286;2.2655919;0.268;195;195;195;195
2.2697198;0.23783186;2.2655776;0.286;2.2655478;0.268;195;195;195;195
2.2688215;0.23672566;2.2655303;0.286;2.2655046;0.268;195;195;195;195
2.2686598;0.26216814;2.2654827;0.286;2.2654598;0.268;195;195;195;195
2.2678413;0.2688053;2.2654347;0.286;2.265417;0.268;195;195;195;195
2.2680173;0.25553098;2.2653887;0.286;2.2653754;0.268;195;195;195;195
2.2682846;0.25884956;2.2653396;0.286;2.2653306;0.269;195;195;195;195
2.2703617;0.22123894;2.2652938;0.286;2.2652876;0.27;195;195;195;195
2.2686396;0.25221238;2.2652464;0.286;2.2652457;0.27;195;195;195;195
2.2705905;0.24336283;2.2652013;0.286;2.2652023;0.27;195;195;195;195
2.2696917;0.24557522;2.265155;0.286;2.265161;0.27;195;195;195;195
2.2687166;0.24778761;2.2651076;0.286;2.2651174;0.27;195;195;195;195
2.269856;0.25221238;2.2650585;0.286;2.2650733;0.27;195;195;195;195
2.2677252;0.26106194;2.2650144;0.286;2.2650306;0.27;195;195;195;195
2.2652204;0.26327434;2.2649658;0.286;2.2649865;0.27;195;195;195;195
2.2668817;0.25;2.264914;0.286;2.2649403;0.27;195;195;195;195
2.2673218;0.26327434;2.2648685;0.286;2.264898;0.27;195;195;195;195
2.2679513;0.25221238;2.2648213;0.287;2.2648544;0.27;195;195;195;195
2.268883;0.25;2.264773;0.285;2.264811;0.271;195;195;195;195
2.2670877;0.25774336;2.2647269;0.286;2.264768;0.271;195;195;195;195
2.2670805;0.2511062;2.264679;0.286;2.2647235;0.271;195;195;195;195
2.2696;0.23672566;2.2646282;0.288;2.2646792;0.271;195;195;195;195
2.2678623;0.25663716;2.2645814;0.288;2.2646358;0.271;195;195;195;195
2.2666976;0.2511062;2.2645328;0.288;2.264593;0.272;195;195;195;195
2.2691991;0.24889381;2.264484;0.288;2.264548;0.27;195;195;195;195
2.263251;0.28429204;2.2644362;0.288;2.2645028;0.272;195;195;195;195
2.2679622;0.2721239;2.2643898;0.289;2.2644572;0.272;195;195;195;195
2.2666562;0.26327434;2.2643416;0.29;2.2644145;0.27;195;195;195;195
2.2656724;0.2710177;2.264291;0.29;2.2643683;0.271;195;195;195;195
2.2667189;0.2710177;2.264243;0.289;2.264324;0.271;195;195;195;195
2.2652454;0.2710177;2.2641938;0.29;2.264276;0.271;195;195;195;195
2.2666113;0.27433628;2.264146;0.29;2.2642345;0.271;195;195;195;195
2.2664232;0.2721239;2.2640972;0.29;2.264189;0.271;195;195;195;195
2.2671733;0.25331858;2.2640476;0.29;2.2641435;0.271;195;195;195;195
2.2665129;0.25;2.2639995;0.291;2.264099;0.272;195;195;195;195
2.2664266;0.25884956;2.2639518;0.291;2.2640545;0.272;195;195;195;195
2.2666328;0.26548672;2.2639027;0.291;2.264011;0.272;195;195;195;195
2.2667396;0.25995576;2.2638545;0.291;2.2639668;0.272;195;195;195;195
2.2689745;0.23451327;2.2638073;0.291;2.263925;0.272;195;195;195;195
2.2674417;0.25553098;2.263758;0.292;2.2638788;0.272;195;195;195;195
2.2685146;0.25221238;2.2637105;0.293;2.2638345;0.272;195;195;195;195
2.266313;0.25995576;2.2636616;0.293;2.2637904;0.272;195;195;195;195
2.265357;0.26327434;2.2636144;0.293;2.2637472;0.272;195;195;195;195
2.2668908;0.2699115;2.2635684;0.293;2.2637017;0.272;195;195;195;195
2.2631676;0.26438054;2.263515;0.294;2.263655;0.273;195;195;195;195
2.2700236;0.23783186;2.263471;0.294;2.263615;0.273;195;195;195;195
2.2666073;0.25553098;2.263419;0.294;2.263567;0.273;195;195;195;195
2.2654185;0.2710177;2.2633698;0.294;2.2635214;0.273;195;195;195;195
2.2703204;0.24336283;2.2633226;0.294;2.2634776;0.273;195;195;195;195
2.2659004;0.25442478;2.2632747;0.294;2.263433;0.274;195;195;195;195
2.267737;0.24004425;2.263224;0.294;2.2633865;0.274;195;195;195;195
2.266499;0.25553098;2.263176;0.294;2.2633421;0.274;195;195;195;195
2.2676976;0.26216814;2.2631269;0.294;2.2632966;0.274;195;195;195;195
2.269408;0.25;2.2630775;0.294;2.2632513;0.274;195;195;195;195
2.2655494;0.26548672;2.2630274;0.294;2.2632053;0.274;195;195;195;195
2.2661214;0.25553098;2.2629786;0.294;2.2631607;0.274;195;195;195;195
2.265914;0.26438054;2.2629323;0.294;2.2631166;0.274;195;195;195;195
2.2696989;0.24668142;2.2628822;0.294;2.2630723;0.274;195;195;195;195
2.2639346;0.28429204;2.2628305;0.294;2.2630267;0.274;195;195;195;195
2.2639747;0.2931416;2.2627823;0.294;2.262982;0.274;195;195;195;195
2.2689347;0.25;2.262731;0.294;2.2629352;0.274;195;195;195;195
2.2658522;0.27433628;2.2626822;0.294;2.2628894;0.274;195;195;195;195
2.2670689;0.25442478;2.2626328;0.295;2.2628448;0.274;195;195;195;195
2.2683866;0.23893805;2.2625802;0.296;2.2627995;0.274;195;195;195;195
2.26582;0.26327434;2.2625315;0.296;2.262752;0.274;195;195;195;195
2.2650964;0.26548672;2.262483;0.296;2.2627072;0.274;195;195;195;195
2.2646956;0.2699115;2.2624357;0.296;2.2626622;0.274;195;195;195;195
2.266164;0.2511062;2.262382;0.296;2.262614;0.274;195;195;195;195
2.2686856;0.26769912;2.2623317;0.296;2.2625673;0.274;195;195;195;195
2.2668974;0.27323008;2.2622824;0.296;2.262522;0.274;195;195;195;195
2.2638798;0.27654868;2.262233;0.296;2.262475;0.274;195;195;195;195
2.2650158;0.26327434;2.2621834;0.296;2.2624311;0.274;195;195;195;195
2.2663207;0.26327434;2.2621331;0.296;2.262386;0.274;195;195;195;195
2.2648988;0.26327434;2.262081;0.296;2.2623382;0.274;195;195;195;195
2.2652442;0.26548672;2.2620296;0.296;2.2622907;0.274;195;195;195;195
2.268175;0.25221238;2.2619805;0.296;2.2622437;0.274;195;195;195;195
2.262538;0.26769912;2.261925;0.296;2.2621965;0.274;195;195;195;195
2.268121;0.25663716;2.261879;0.296;2.2621531;0.274;195;195;195;195
2.264748;0.2721239;2.2618287;0.296;2.262107;0.274;195;195;195;195
2.2651396;0.26769912;2.2617774;0.296;2.2620597;0.274;195;195;195;195
2.2661898;0.25331858;2.2617261;0.296;2.262013;0.274;195;195;195;195
2.2655702;0.27323008;2.2616763;0.296;2.2619643;0.274;195;195;195;195
2.2653286;0.25774336;2.261625;0.296;2.261919;0.274;195;195;195;195
2.2653883;0.25774336;2.2615745;0.296;2.2618716;0.274;195;195;195;195
2.2658503;0.26327434;2.2615247;0.296;2.2618284;0.274;195;195;195;195
2.2646847;0.26548672;2.2614725;0.296;2.2617824;0.274;195;195;195;195
2.2655463;0.25442478;2.2614188;0.297;2.2617319;0.274;195;195;195;195
2.2653432;0.2710177;2.2613683;0.297;2.2616851;0.274;195;195;195;195
2.2695074;0.24889381;2.2613163;0.298;2.2616389;0.274;195;195;195;195
2.2661662;0.27323008;2.2612674;0.298;2.2615914;0.274;195;195;195;195
2.2630203;0.27986726;2.2612174;0.298;2.2615469;0.273;195;195;195;195
2.267709;0.25774336;2.2611651;0.298;2.2615004;0.273;195;195;195;195
2.269332;0.25663716;2.2611156;0.298;2.261456;0.273;195;195;195;195
2.263344;0.26327434;2.2610629;0.298;2.2614067;0.273;195;195;195;195
2.2661014;0.26769912;2.2610133;0.298;2.2613597;0.274;195;195;195;195
2.263956;0.28761062;2.2609634;0.298;2.2613144;0.274;195;195;195;195
2.2643452;0.27544248;2.2609088;0.298;2.2612655;0.274;195;195;195;195
2.265222;0.25884956;2.2608557;0.298;2.2612169;0.275;195;195;195;195
2.266126;0.26106194;2.2608056;0.299;2.2611697;0.275;195;195;195;195
2.2658029;0.25331858;2.2607539;0.299;2.2611227;0.275;195;195;195;195
2.2653263;0.25995576;2.2607036;0.3;2.2610776;0.275;195;195;195;195
2.2660263;0.26216814;2.2606528;0.3;2.2610295;0.275;195;195;195;195
2.2646365;0.26327434;2.2605968;0.3;2.260981;0.276;195;195;195;195
2.265162;0.26327434;2.2605498;0.3;2.260936;0.276;195;195;195;195
2.2646418;0.25774336;2.2604976;0.3;2.2608888;0.276;195;195;195;195
2.2637925;0.27433628;2.260446;0.301;2.2608407;0.276;195;195;195;195
2.2631311;0.2688053;2.2603931;0.301;2.2607934;0.276;195;195;195;195
2.2667608;0.25663716;2.2603412;0.301;2.2607465;0.276;195;195;195;195
2.2674503;0.25553098;2.2602878;0.301;2.2606997;0.276;195;195;195;195
2.261424;0.27544248;2.2602358;0.301;2.2606504;0.276;195;195;195;195
2.2670164;0.25442478;2.2601862;0.302;2.2606058;0.276;195;195;195;195
2.2604246;0.28539824;2.2601328;0.302;2.260555;0.276;195;195;195;195
2.2647479;0.26106194;2.260082;0.302;2.2605097;0.277;195;195;195;195
2.2654712;0.26769912;2.260028;0.303;2.2604613;0.277;195;195;195;195
2.2634706;0.2699115;2.2599745;0.303;2.260413;0.277;195;195;195;195
2.264039;0.24336283;2.2599247;0.303;2.2603645;0.277;195;195;195;195
2.262214;0.28650442;2.2598727;0.303;2.2603192;0.277;195;195;195;195
2.2638865;0.25774336;2.2598197;0.304;2.2602694;0.277;195;195;195;195
2.2604156;0.27433628;2.2597656;0.304;2.2602198;0.277;195;195;195;195
2.2631404;0.25774336;2.2597125;0.304;2.260173;0.277;195;195;195;195
2.265489;0.25995576;2.2596617;0.304;2.2601254;0.277;195;195;195;195
2.26496;0.2688053;2.2596083;0.304;2.2600763;0.277;195;195;195;195
2.2625737;0.28650442;2.2595577;0.304;2.2600296;0.277;195;195;195;195
2.2651124;0.26548672;2.2595036;0.305;2.259981;0.277;195;195;195;195
2.265851;0.26216814;2.2594533;0.305;2.259934;0.277;195;195;195;195
2.2615967;0.27544248;2.2593994;0.305;2.2598867;0.277;195;195;195;195
2.264171;0.26327434;2.259344;0.305;2.2598372;0.278;195;195;195;195
2.261061;0.27323008;2.2592928;0.304;2.2597885;0.277;195;195;195;195
2.2651482;0.25553098;2.2592378;0.305;2.2597384;0.278;195;195;195;195
2.2613432;0.28650442;2.259184;0.304;2.2596903;0.277;195;195;195;195
2.266418;0.25331858;2.2591314;0.304;2.2596426;0.277;195;195;195;195
2.2638066;0.26548672;2.2590785;0.304;2.2595952;0.278;195;195;195;195
2.261992;0.2710177;2.2590232;0.304;2.2595458;0.279;195;195;195;195
2.2617972;0.2699115;2.2589715;0.304;2.2594967;0.277;195;195;195;195
2.264464;0.2688053;2.2589197;0.304;2.259449;0.279;195;195;195;195
2.263523;0.26438054;2.2588673;0.304;2.2593994;0.28;195;195;195;195
2.2611272;0.28429204;2.2588131;0.304;2.2593489;0.28;195;195;195;195
2.2624762;0.27986726;2.2587583;0.304;2.2593017;0.28;195;195;195;195
2.2621253;0.28539824;2.2587054;0.304;2.259252;0.28;195;195;195;195
2.262252;0.2920354;2.2586536;0.304;2.2592053;0.28;195;195;195;195
2.2624962;0.2721239;2.2586002;0.304;2.2591558;0.281;195;195;195;195
2.2603824;0.26548672;2.258546;0.304;2.2591052;0.281;195;195;195;195
2.2640476;0.25884956;2.258492;0.304;2.2590551;0.281;195;195;195;195
2.265083;0.25331858;2.2584386;0.304;2.2590055;0.281;195;195;195;195
2.2636638;0.2721239;2.2583861;0.304;2.2589562;0.281;195;195;195;195
2.2618942;0.2688053;2.2583303;0.304;2.2589068;0.281;195;195;195;195
2.2651808;0.26438054;2.2582777;0.306;2.258858;0.281;195;195;195;195
2.2590568;0.289823;2.258224;0.306;2.258811;0.28;195;195;195;195
2.2634099;0.2688053;2.2581697;0.306;2.2587616;0.28;195;195;195;195
2.2636704;0.2699115;2.2581177;0.306;2.2587135;0.28;195;195;195;195
2.2618492;0.28207964;2.2580621;0.306;2.2586632;0.281;195;195;195;195
2.2645586;0.26327434;2.2580085;0.306;2.2586129;0.281;195;195;195;195
2.261831;0.26327434;2.2579558;0.306;2.2585626;0.281;195;195;195;195
2.262724;0.27876106;2.2579024;0.307;2.2585151;0.28;195;195;195;195
2.2665186;0.25663716;2.2578452;0.307;2.2584624;0.281;195;195;195;195
2.2615242;0.27654868;2.257791;0.306;2.258412;0.281;195;195;195;195
2.2632225;0.27986726;2.2577357;0.306;2.2583616;0.282;195;195;195;195
2.2640495;0.2721239;2.2576807;0.306;2.2583132;0.281;195;195;195;195
2.2604816;0.2909292;2.2576272;0.306;2.2582633;0.282;195;195;195;195
2.264277;0.2511062;2.2575712;0.307;2.258214;0.282;195;195;195;195
2.261964;0.2710177;2.2575157;0.307;2.258163;0.282;195;195;195;195
2.261834;0.28097346;2.25746;0.308;2.2581117;0.282;195;195;195;195
2.2644076;0.26327434;2.2574065;0.307;2.258061;0.282;195;195;195;195
2.2623355;0.26769912;2.2573504;0.307;2.258011;0.282;195;195;195;195
2.260169;0.28318584;2.2572954;0.307;2.2579618;0.282;195;195;195;195
2.2630491;0.2688053;2.2572434;0.308;2.2579114;0.282;195;195;195;195
2.2667217;0.2511062;2.2571895;0.308;2.257861;0.282;195;195;195;195
2.2625015;0.27876106;2.2571301;0.309;2.2578058;0.282;195;195;195;195
2.2618465;0.2721239;2.2570758;0.309;2.2577577;0.282;195;195;195;195
2.2611647;0.2710177;2.257021;0.309;2.257707;0.283;195;195;195;195
2.2612891;0.27654868;2.2569654;0.309;2.2576551;0.283;195;195;195;195
2.262299;0.27433628;2.2569127;0.309;2.2576075;0.283;195;195;195;195
2.2598894;0.27986726;2.2568545;0.309;2.257555;0.283;195;195;195;195
2.262483;0.2688053;2.2567966;0.309;2.2575042;0.283;195;195;195;195
2.264465;0.26769912;2.2567437;0.309;2.2574534;0.283;195;195;195;195
2.2613156;0.27654868;2.2566876;0.311;2.2574017;0.283;195;195;195;195
2.2643092;0.26548672;2.2566347;0.311;2.257355;0.283;195;195;195;195
2.2614272;0.27323008;2.2565782;0.312;2.2573025;0.283;195;195;195;195
2.264242;0.26327434;2.2565217;0.312;2.257252;0.283;195;195;195;195
2.2653723;0.26106194;2.2564642;0.312;2.2572005;0.283;195;195;195;195
2.2577336;0.28539824;2.2564063;0.312;2.2571473;0.283;195;195;195;195
2.2595859;0.2721239;2.2563488;0.312;2.2570949;0.283;195;195;195;195
2.2613542;0.27433628;2.2562943;0.313;2.2570438;0.283;195;195;195;195
2.2631962;0.27323008;2.2562385;0.313;2.2569907;0.283;195;195;195;195
2.2604072;0.27323008;2.256185;0.313;2.2569423;0.283;195;195;195;195
2.259154;0.2688053;2.2561269;0.313;2.2568896;0.283;195;195;195;195
2.2615507;0.27876106;2.2560728;0.313;2.2568398;0.283;195;195;195;195
2.2585905;0.289823;2.2560155;0.313;2.2567878;0.283;195;195;195;195
2.2604864;0.2721239;2.2559555;0.313;2.256733;0.282;195;195;195;195
2.2600942;0.28429204;2.2558994;0.313;2.2566807;0.282;195;195;195;195
2.2611687;0.27654868;2.2558448;0.313;2.2566288;0.283;195;195;195;195
2.2615445;0.2721239;2.255784;0.313;2.2565768;0.283;195;195;195;195
2.2581315;0.3130531;2.2557304;0.313;2.2565253;0.283;195;195;195;195
2.2600856;0.27876106;2.2556715;0.313;2.2564726;0.283;195;195;195;195
2.2601554;0.27654868;2.2556152;0.314;2.256422;0.283;195;195;195;195
2.262142;0.27654868;2.2555623;0.314;2.2563715;0.283;195;195;195;195
2.2599034;0.29535398;2.2555046;0.314;2.2563205;0.283;195;195;195;195
2.2623272;0.27654868;2.2554457;0.314;2.256267;0.283;195;195;195;195
2.2613385;0.27433628;2.2553911;0.315;2.2562153;0.284;195;195;195;195
2.261816;0.2688053;2.2553344;0.314;2.2561631;0.284;195;195;195;195
2.2570026;0.29756638;2.2552776;0.314;2.256111;0.284;195;195;195;195
2.260733;0.28207964;2.2552192;0.314;2.2560573;0.284;195;195;195;195
2.2652607;0.25221238;2.2551613;0.314;2.256004;0.284;195;195;195;195
2.2599754;0.26769912;2.2551053;0.314;2.255953;0.284;195;195;195;195
2.258537;0.29424778;2.255047;0.314;2.2559004;0.284;195;195;195;195
2.2604468;0.27433628;2.2549932;0.314;2.2558515;0.284;195;195;195;195
2.2604406;0.26769912;2.2549322;0.314;2.255797;0.284;195;195;195;195
2.2567112;0.27876106;2.254878;0.314;2.255746;0.284;195;195;195;195
2.2595646;0.2931416;2.2548158;0.314;2.2556896;0.284;195;195;195;195
2.2602606;0.27876106;2.254759;0.314;2.2556357;0.285;195;195;195;195
2.261067;0.28097346;2.2546992;0.315;2.2555828;0.286;195;195;195;195
2.2601295;0.28871682;2.2546427;0.315;2.2555285;0.287;195;195;195;195
2.257097;0.27986726;2.2545855;0.315;2.2554774;0.288;195;195;195;195
2.2582433;0.29535398;2.254527;0.315;2.2554224;0.288;195;195;195;195
2.259838;0.28871682;2.2544677;0.315;2.255371;0.288;195;195;195;195
2.256571;0.28871682;2.254405;0.315;2.2553146;0.288;195;195;195;195
2.2591398;0.28318584;2.2543468;0.315;2.2552595;0.288;195;195;195;195
2.2560968;0.30309734;2.2542884;0.315;2.255206;0.288;195;195;195;195
2.2574487;0.28097346;2.2542312;0.316;2.2551537;0.288;195;195;195;195
2.2590475;0.28429204;2.2541726;0.316;2.2551003;0.288;195;195;195;195
2.2607377;0.27876106;2.2541137;0.316;2.2550457;0.288;195;195;195;195
2.2607057;0.28650442;2.2540548;0.316;2.2549899;0.288;195;195;195;195
2.2598188;0.2920354;2.2539961;0.316;2.2549376;0.288;195;195;195;195
2.255367;0.29756638;2.2539406;0.316;2.2548857;0.288;195;195;195;195
2.25985;0.28207964;2.253881;0.316;2.2548318;0.288;195;195;195;195
2.2569256;0.30641592;2.2538204;0.316;2.2547774;0.288;195;195;195;195
2.258761;0.289823;2.253765;0.316;2.2547257;0.288;195;195;195;195
2.2613955;0.2721239;2.2537055;0.316;2.2546704;0.288;195;195;195;195
2.259755;0.27544248;2.2536478;0.316;2.2546172;0.288;195;195;195;195
2.258461;0.30641592;2.2535892;0.316;2.2545629;0.288;195;195;195;195
2.2581954;0.28871682;2.253531;0.316;2.2545097;0.288;195;195;195;195
2.261619;0.27654868;2.2534728;0.316;2.2544556;0.288;195;195;195;195
2.2599974;0.289823;2.2534146;0.316;2.2544014;0.288;195;195;195;195
2.2592165;0.28761062;2.2533543;0.316;2.2543468;0.288;195;195;195;195
2.2567935;0.28650442;2.2532952;0.316;2.2542934;0.288;195;195;195;195
2.2610254;0.2909292;2.253237;0.316;2.2542393;0.288;195;195;195;195
2.258002;0.289823;2.2531745;0.316;2.2541835;0.288;195;195;195;195
2.257628;0.30088496;2.2531123;0.317;2.2541282;0.288;195;195;195;195
2.2596302;0.2710177;2.2530518;0.317;2.254071;0.289;195;195;195;195
2.2600772;0.28761062;2.2529938;0.317;2.2540176;0.289;195;195;195;195
2.2605262;0.28871682;2.2529325;0.317;2.2539613;0.289;195;195;195;195
2.257163;0.2931416;2.2528713;0.317;2.253907;0.289;195;195;195;195
2.2579942;0.27544248;2.2528157;0.318;2.2538543;0.289;195;195;195;195
2.2567973;0.289823;2.252752;0.319;2.253797;0.289;195;195;195;195
2.2582548;0.2909292;2.2526946;0.318;2.2537432;0.289;195;195;195;195
2.259946;0.27433628;2.2526288;0.319;2.253686;0.289;195;195;195;195
2.2574463;0.28318584;2.2525723;0.319;2.253633;0.289;195;195;195;195
2.2583735;0.2931416;2.2525108;0.319;2.2535782;0.289;195;195;195;195
2.2587833;0.27654868;2.2524521;0.319;2.2535245;0.29;195;195;195;195
2.260233;0.28761062;2.252394;0.319;2.253469;0.289;195;195;195;195
2.2596889;0.2721239;2.2523336;0.319;2.2534122;0.29;195;195;195;195
2.2556257;0.30088496;2.2522743;0.319;2.2533572;0.29;195;195;195;195
2.254452;0.29977876;2.2522118;0.319;2.2533014;0.29;195;195;195;195
2.256421;0.29646018;2.2521508;0.319;2.2532454;0.29;195;195;195;195
2.255839;0.30752212;2.2520897;0.32;2.253191;0.29;195;195;195;195
2.2610426;0.28871682;2.252029;0.32;2.2531333;0.29;195;195;195;195
2.2564676;0.30199116;2.2519677;0.321;2.2530792;0.29;195;195;195;195
2.2600927;0.28539824;2.2519057;0.321;2.2530224;0.29;195;195;195;195
2.256593;0.29977876;2.2518442;0.321;2.2529664;0.29;195;195;195;195
2.2593539;0.27323008;2.251785;0.321;2.25291;0.291;195;195;195;195
2.2595108;0.30641592;2.2517235;0.321;2.2528543;0.291;195;195;195;195
2.2562377;0.29977876;2.2516608;0.322;2.252798;0.291;195;195;195;195
2.2551777;0.29424778;2.2515986;0.322;2.2527418;0.291;195;195;195;195
2.2551217;0.29646018;2.2515397;0.322;2.2526846;0.291;195;195;195;195
2.2543654;0.30199116;2.2514765;0.322;2.2526278;0.292;195;195;195;195
2.2586563;0.29424778;2.2514179;0.322;2.2525709;0.292;195;195;195;195
2.255209;0.29756638;2.2513564;0.322;2.2525144;0.292;195;195;195;195
2.2552445;0.2909292;2.2512946;0.322;2.2524586;0.292;195;195;195;195
2.2580054;0.29646018;2.2512345;0.322;2.2524016;0.292;195;195;195;195
2.2566032;0.28761062;2.2511752;0.323;2.2523456;0.292;195;195;195;195
2.258031;0.28871682;2.2511146;0.323;2.2522893;0.292;195;195;195;195
2.258707;0.28761062;2.2510505;0.323;2.2522314;0.292;195;195;195;195
2.2551348;0.30530974;2.2509923;0.324;2.252174;0.292;195;195;195;195
2.2563257;0.30862832;2.2509272;0.326;2.2521179;0.292;195;195;195;195
2.2557838;0.28097346;2.2508633;0.326;2.2520592;0.292;195;195;195;195
2.257411;0.2909292;2.2508006;0.326;2.252002;0.292;195;195;195;195
2.2565627;0.30420354;2.2507398;0.327;2.2519455;0.292;195;195;195;195
2.2566817;0.28871682;2.250677;0.327;2.2518888;0.292;195;195;195;195
2.255452;0.29535398;2.2506146;0.328;2.2518322;0.292;195;195;195;195
2.2555325;0.28871682;2.2505515;0.328;2.2517736;0.292;195;195;195;195
2.256147;0.28539824;2.2504883;0.328;2.2517138;0.292;195;195;195;195
2.2550159;0.2909292;2.2504296;0.328;2.2516599;0.292;195;195;195;195
2.253052;0.30309734;2.2503672;0.329;2.251602;0.293;195;195;195;195
2.2581627;0.27876106;2.250301;0.329;2.2515416;0.293;195;195;195;195
2.2563756;0.30088496;2.250238;0.329;2.2514834;0.294;195;195;195;195
2.2555537;0.29977876;2.2501764;0.329;2.2514272;0.294;195;195;195;195
2.2568161;0.2909292;2.2501132;0.33;2.2513692;0.294;195;195;195;195
2.2576764;0.28539824;2.2500517;0.33;2.2513125;0.294;195;195;195;195
2.2546237;0.30199116;2.249986;0.33;2.2512536;0.294;195;195;195;195
2.253941;0.30199116;2.2499244;0.33;2.2511976;0.294;195;195;195;195
2.2559144;0.28761062;2.2498608;0.33;2.25114;0.294;195;195;195;195
2.255616;0.29977876;2.2497973;0.33;2.251082;0.294;195;195;195;195
2.2572854;0.29977876;2.2497349;0.33;2.251027;0.294;195;195;195;195
2.2562046;0.2920354;2.2496712;0.33;2.250966;0.294;195;195;195;195
2.2571461;0.289823;2.2496088;0.33;2.2509074;0.294;195;195;195;195
2.2569945;0.289823;2.249543;0.331;2.2508485;0.294;195;195;195;195
2.2536085;0.32522124;2.2494802;0.331;2.250789;0.295;195;195;195;195
2.2560139;0.30973452;2.2494166;0.333;2.250732;0.295;195;195;195;195
2.2598133;0.2931416;2.2493513;0.333;2.2506742;0.295;195;195;195;195
2.2575028;0.28207964;2.249286;0.333;2.2506144;0.295;195;195;195;195
2.256914;0.28871682;2.2492213;0.334;2.2505548;0.295;195;195;195;195
2.2563882;0.28429204;2.249161;0.334;2.2504969;0.295;195;195;195;195
2.2541537;0.29424778;2.249098;0.334;2.250439;0.295;195;195;195;195
2.2564194;0.28871682;2.2490356;0.334;2.250381;0.295;195;195;195;195
2.253388;0.30420354;2.248973;0.334;2.2503226;0.295;195;195;195;195
2.2574656;0.28318584;2.2489095;0.334;2.2502637;0.296;195;195;195;195
2.2549014;0.289823;2.2488434;0.334;2.2502043;0.296;195;195;195;195
2.2515578;0.31858408;2.2487798;0.334;2.2501452;0.296;195;195;195;195
2.2513402;0.30641592;2.2487137;0.335;2.250084;0.296;195;195;195;195
2.2518437;0.2931416;2.2486484;0.335;2.2500234;0.296;195;195;195;195
2.2554286;0.2909292;2.2485833;0.335;2.249964;0.296;195;195;195;195
2.2538557;0.29867256;2.2485187;0.335;2.249903;0.296;195;195;195;195
2.2534118;0.30199116;2.248455;0.335;2.2498446;0.296;195;195;195;195
2.2559576;0.28871682;2.248391;0.336;2.2497845;0.296;195;195;195;195
2.2522056;0.30752212;2.2483213;0.336;2.249722;0.296;195;195;195;195
2.2527988;0.3108407;2.2482572;0.336;2.2496624;0.296;195;195;195;195
2.2543125;0.29867256;2.2481956;0.338;2.249605;0.296;195;195;195;195
2.253421;0.30309734;2.2481303;0.338;2.2495446;0.295;195;195;195;195
2.25366;0.30088496;2.248064;0.338;2.249483;0.295;195;195;195;195
2.2542658;0.30309734;2.247998;0.338;2.249426;0.295;195;195;195;195
2.2519784;0.3108407;2.247933;0.338;2.2493649;0.295;195;195;195;195
2.2537634;0.3119469;2.2478685;0.338;2.249307;0.295;195;195;195;195
2.2543998;0.30862832;2.2478065;0.338;2.249247;0.296;195;195;195;195
2.2520049;0.31747788;2.2477415;0.338;2.2491865;0.297;195;195;195;195
2.2524614;0.30641592;2.2476707;0.339;2.249122;0.297;195;195;195;195
2.2577727;0.2909292;2.2476065;0.339;2.2490635;0.297;195;195;195;195
2.2562294;0.29756638;2.247543;0.339;2.2490034;0.298;195;195;195;195
2.2548354;0.30199116;2.2474756;0.339;2.248941;0.298;195;195;195;195
2.254777;0.30973452;2.2474113;0.339;2.24888;0.298;195;195;195;195
2.2539065;0.30973452;2.2473447;0.34;2.248819;0.298;195;195;195;195
2.254612;0.29977876;2.2472787;0.341;2.2487597;0.298;195;195;195;195
2.2501543;0.31637168;2.2472117;0.341;2.2486973;0.299;195;195;195;195
2.2498531;0.3318584;2.2471447;0.341;2.2486367;0.298;195;195;195;195
2.25463;0.30199116;2.2470756;0.341;2.2485754;0.299;195;195;195;195
2.2538574;0.29535398;2.2470074;0.341;2.248513;0.299;195;195;195;195
2.2548065;0.29977876;2.2469451;0.341;2.248457;0.298;195;195;195;195
2.2533245;0.30199116;2.2468736;0.342;2.248393;0.298;195;195;195;195
2.25359;0.31526548;2.2468042;0.342;2.2483306;0.298;195;195;195;195
2.2531896;0.30862832;2.2467394;0.342;2.2482684;0.3;195;195;195;195
2.2529984;0.29535398;2.2466693;0.342;2.2482054;0.3;195;195;195;195
2.255375;0.27876106;2.2466047;0.343;2.2481456;0.301;195;195;195;195
2.2535884;0.31969026;2.2465394;0.343;2.2480848;0.301;195;195;195;195
2.2553017;0.29424778;2.2464724;0.343;2.248024;0.301;195;195;195;195
2.2565336;0.29646018;2.2464075;0.343;2.2479649;0.301;195;195;195;195
2.2535174;0.28761062;2.2463408;0.343;2.2479029;0.301;195;195;195;195
2.2522788;0.3130531;2.2462687;0.343;2.2478368;0.302;195;195;195;195
2.252264;0.31637168;2.2462008;0.344;2.2477722;0.302;195;195;195;195
2.2503095;0.3119469;2.2461367;0.344;2.2477121;0.302;195;195;195;195
2.253207;0.3119469;2.246069;0.344;2.2476478;0.302;195;195;195;195
2.2529671;0.30420354;2.2460036;0.344;2.2475882;0.302;195;195;195;195
2.2541444;0.28429204;2.2459369;0.344;2.2475278;0.302;195;195;195;195
2.2546394;0.30641592;2.2458699;0.345;2.247467;0.302;195;195;195;195
2.2532601;0.30309734;2.2457986;0.345;2.247402;0.302;195;195;195;195
2.25131;0.30420354;2.2457314;0.346;2.247342;0.302;195;195;195;195
2.2507389;0.32632744;2.2456644;0.347;2.2472808;0.302;195;195;195;195
2.2523801;0.3108407;2.2455947;0.347;2.247217;0.302;195;195;195;195
2.2518766;0.31747788;2.2455254;0.347;2.2471547;0.302;195;195;195;195
2.2528844;0.30420354;2.2454581;0.347;2.2470913;0.303;195;195;195;195
2.2484782;0.3318584;2.2453883;0.347;2.247027;0.302;195;195;195;195
2.2527907;0.30973452;2.2453215;0.347;2.2469647;0.303;195;195;195;195
2.24986;0.31969026;2.2452521;0.347;2.2469022;0.303;195;195;195;195
2.252274;0.29977876;2.2451842;0.348;2.2468398;0.303;195;195;195;195
2.2508442;0.31637168;2.245115;0.348;2.2467752;0.303;195;195;195;195
2.2534091;0.3119469;2.2450478;0.348;2.2467115;0.303;195;195;195;195
2.249798;0.31858408;2.2449765;0.348;2.246644;0.303;195;195;195;195
2.2506943;0.31637168;2.2449107;0.348;2.2465847;0.303;195;195;195;195
2.2523637;0.31526548;2.2448447;0.348;2.2465217;0.303;195;195;195;195
2.2511675;0.3130531;2.2447703;0.348;2.2464573;0.303;195;195;195;195
2.247758;0.32743362;2.2446983;0.349;2.246393;0.303;195;195;195;195
2.2535503;0.28761062;2.2446296;0.35;2.246329;0.303;195;195;195;195
2.2540536;0.30973452;2.24456;0.349;2.2462645;0.303;195;195;195;195
2.2505703;0.32743362;2.2444909;0.349;2.2462;0.303;195;195;195;195
2.2536132;0.27544248;2.2444196;0.35;2.2461376;0.303;195;195;195;195
2.2518606;0.30862832;2.2443511;0.35;2.2460725;0.303;195;195;195;195
2.2518313;0.29867256;2.2442858;0.35;2.2460113;0.303;195;195;195;195
2.2464604;0.32964602;2.2442153;0.35;2.2459464;0.302;195;195;195;195
2.2524264;0.32632744;2.2441468;0.35;2.2458816;0.303;195;195;195;195
2.2521625;0.30752212;2.244076;0.35;2.245817;0.303;195;195;195;195
2.2520437;0.30641592;2.2440052;0.35;2.245754;0.303;195;195;195;195
2.251051;0.29977876;2.2439377;0.351;2.2456894;0.303;195;195;195;195
2.2511752;0.31858408;2.2438664;0.351;2.245624;0.303;195;195;195;195
2.2514105;0.3119469;2.243797;0.351;2.24556;0.304;195;195;195;195
2.252659;0.31858408;2.2437282;0.351;2.2454958;0.304;195;195;195;195
2.2551732;0.289823;2.2436595;0.351;2.2454329;0.304;195;195;195;195
2.2533715;0.30641592;2.2435875;0.351;2.2453659;0.304;195;195;195;195
2.2515006;0.32190266;2.2435167;0.351;2.2453012;0.304;195;195;195;195
2.250489;0.31526548;2.2434459;0.351;2.2452364;0.305;195;195;195;195
2.2476447;0.32632744;2.2433746;0.351;2.2451706;0.305;195;195;195;195
2.2519705;0.29977876;2.2433019;0.352;2.2451086;0.305;195;195;195;195
2.2538934;0.28650442;2.2432308;0.352;2.2450418;0.305;195;195;195;195
2.2463071;0.32300884;2.2431602;0.352;2.2449765;0.306;195;195;195;195
2.2500288;0.30530974;2.2430887;0.353;2.2449117;0.306;195;195;195;195
2.2473772;0.32853982;2.2430158;0.353;2.2448444;0.306;195;195;195;195
2.251037;0.29977876;2.2429423;0.353;2.2447793;0.306;195;195;195;195
2.252038;0.30199116;2.2428718;0.354;2.244712;0.306;195;195;195;195
2.2492373;0.31858408;2.2427976;0.355;2.2446456;0.306;195;195;195;195
2.2521722;0.29867256;2.2427301;0.355;2.2445834;0.306;195;195;195;195
2.2482028;0.32300884;2.2426581;0.355;2.2445161;0.306;195;195;195;195
2.249522;0.32079646;2.2425842;0.355;2.2444491;0.306;195;195;195;195
2.248686;0.3141593;2.2425115;0.355;2.2443814;0.306;195;195;195;195
2.252455;0.30309734;2.2424386;0.355;2.2443142;0.306;195;195;195;195
2.2527485;0.30641592;2.242364;0.355;2.2442453;0.306;195;195;195;195
2.2521746;0.30199116;2.2422926;0.355;2.244183;0.306;195;195;195;195
2.2491348;0.3108407;2.2422214;0.355;2.244117;0.306;195;195;195;195
2.2477665;0.31858408;2.2421458;0.356;2.2440498;0.306;195;195;195;195
2.2492046;0.33075222;2.2420728;0.356;2.2439811;0.307;195;195;195;195
2.246907;0.3108407;2.2420006;0.356;2.2439148;0.307;195;195;195;195
2.2484176;0.32411504;2.2419298;0.357;2.2438488;0.307;195;195;195;195
2.2496433;0.31747788;2.241857;0.357;2.2437813;0.307;195;195;195;195
2.2445033;0.36172566;2.241787;0.357;2.2437174;0.308;195;195;195;195
2.2467923;0.32411504;2.241714;0.357;2.2436492;0.308;195;195;195;195
2.245105;0.34623894;2.241641;0.357;2.243582;0.309;195;195;195;195
2.2474747;0.3141593;2.2415667;0.357;2.2435117;0.309;195;195;195;195
2.2498114;0.30530974;2.2414975;0.358;2.2434514;0.309;195;195;195;195
2.2494226;0.32853982;2.2414272;0.358;2.2433844;0.31;195;195;195;195
2.2509828;0.30309734;2.241353;0.358;2.2433155;0.31;195;195;195;195
2.2514212;0.30862832;2.2412803;0.358;2.2432504;0.31;195;195;195;195
2.2497735;0.32079646;2.241204;0.358;2.2431822;0.31;195;195;195;195
2.247057;0.3329646;2.2411242;0.358;2.2431064;0.31;195;195;195;195
2.2455378;0.3318584;2.2410526;0.358;2.2430403;0.31;195;195;195;195
2.2446918;0.33849558;2.240983;0.359;2.2429745;0.31;195;195;195;195
2.2495437;0.31526548;2.240909;0.359;2.2429078;0.31;195;195;195;195
2.2459838;0.32964602;2.2408323;0.36;2.2428377;0.31;195;195;195;195
2.2484543;0.31747788;2.2407596;0.36;2.24277;0.31;195;195;195;195
2.2476552;0.32300884;2.240688;0.36;2.2427044;0.309;195;195;195;195
2.2471914;0.3141593;2.240609;0.36;2.2426357;0.309;195;195;195;195
2.2506075;0.32300884;2.2405353;0.36;2.242566;0.309;195;195;195;195
2.243979;0.33849558;2.240462;0.36;2.2424994;0.309;195;195;195;195
2.2480233;0.32190266;2.2403884;0.362;2.2424312;0.309;195;195;195;195
2.2487025;0.3130531;2.2403095;0.362;2.242362;0.309;195;195;195;195
2.245127;0.3318584;2.2402349;0.362;2.242293;0.309;195;195;195;195
2.246325;0.3130531;2.2401664;0.362;2.2422276;0.309;195;195;195;195
2.2495344;0.31969026;2.2400897;0.362;2.2421575;0.309;195;195;195;195
2.249765;0.29867256;2.240015;0.362;2.2420886;0.31;195;195;195;195
2.2470028;0.31526548;2.2399404;0.362;2.242019;0.31;195;195;195;195
2.2494278;0.3119469;2.2398615;0.362;2.2419488;0.313;195;195;195;195
2.2489698;0.31637168;2.2397878;0.362;2.2418847;0.313;195;195;195;195
2.2468145;0.31858408;2.2397108;0.362;2.2418122;0.313;195;195;195;195
2.2503889;0.3141593;2.239638;0.362;2.2417448;0.313;195;195;195;195
2.2456026;0.30420354;2.2395623;0.362;2.2416766;0.313;195;195;195;195
2.2494981;0.31969026;2.2394857;0.362;2.2416036;0.313;195;195;195;195
2.2433052;0.31637168;2.2394106;0.362;2.2415352;0.313;195;195;195;195
2.2465754;0.32743362;2.2393358;0.362;2.241465;0.313;195;195;195;195
2.2471774;0.30752212;2.2392578;0.362;2.241395;0.313;195;195;195;195
2.2390335;0.36504424;2.2391772;0.363;2.2413216;0.313;195;195;195;195
2.2459521;0.3329646;2.2391021;0.363;2.2412515;0.313;195;195;195;195
2.2436283;0.33960176;2.2390265;0.363;2.2411816;0.315;195;195;195;195
2.246072;0.3130531;2.2389522;0.363;2.2411113;0.316;195;195;195;195
2.2479587;0.30752212;2.2388759;0.363;2.2410424;0.316;195;195;195;195
2.2452154;0.31747788;2.2387962;0.365;2.2409716;0.316;195;195;195;195
2.2447486;0.34070796;2.238717;0.365;2.2408988;0.316;195;195;195;195
2.2448208;0.33075222;2.2386386;0.365;2.2408261;0.316;195;195;195;195
2.2447002;0.32079646;2.2385626;0.365;2.2407548;0.316;195;195;195;195
2.2421868;0.34513274;2.238485;0.365;2.240685;0.316;195;195;195;195
2.2444208;0.32964602;2.2384098;0.367;2.2406147;0.316;195;195;195;195
2.2478206;0.31526548;2.2383325;0.367;2.2405453;0.316;195;195;195;195
2.2424686;0.3318584;2.2382584;0.367;2.2404757;0.316;195;195;195;195
2.2463987;0.32300884;2.2381768;0.368;2.2404025;0.316;195;195;195;195
2.2428453;0.33075222;2.2381015;0.368;2.2403326;0.315;195;195;195;195
2.2489376;0.32300884;2.2380245;0.368;2.2402623;0.315;195;195;195;195
2.2445378;0.32853982;2.2379432;0.368;2.2401876;0.315;195;195;195;195
2.2447872;0.31637168;2.2378643;0.368;2.2401156;0.317;195;195;195;195
2.2489724;0.3108407;2.2377875;0.368;2.2400448;0.317;195;195;195;195
2.2469463;0.32411504;2.2377093;0.368;2.2399745;0.317;195;195;195;195
2.2465956;0.32522124;2.2376368;0.368;2.2399063;0.317;195;195;195;195
2.2457647;0.3318584;2.2375584;0.369;2.2398324;0.317;195;195;195;195
2.2501764;0.31526548;2.2374783;0.37;2.2397604;0.317;195;195;195;195
2.2430098;0.33628318;2.2374022;0.369;2.2396874;0.318;195;195;195;195
2.2490022;0.31526548;2.2373214;0.369;2.2396154;0.318;195;195;195;195
2.2468266;0.30641592;2.2372422;0.37;2.2395415;0.319;195;195;195;195
2.2404215;0.34070796;2.2371662;0.37;2.2394753;0.319;195;195;195;195
2.2469923;0.31526548;2.237091;0.37;2.2394066;0.319;195;195;195;195
2.2459118;0.31526548;2.2370074;0.371;2.2393303;0.317;195;195;195;195
2.2438312;0.33075222;2.236928;0.371;2.2392569;0.317;195;195;195;195
2.244618;0.3141593;2.2368507;0.371;2.239188;0.317;195;195;195;195
2.2440643;0.32964602;2.2367697;0.371;2.2391133;0.317;195;195;195;195
2.2429988;0.33075222;2.2366915;0.372;2.2390413;0.317;195;195;195;195
2.247897;0.32079646;2.2366147;0.372;2.2389703;0.317;195;195;195;195
2.2448742;0.31969026;2.2365332;0.372;2.2388957;0.317;195;195;195;195
2.240986;0.34292036;2.2364533;0.372;2.2388232;0.319;195;195;195;195
2.2431552;0.34513274;2.2363722;0.372;2.2387505;0.319;195;195;195;195
2.2451575;0.33628318;2.2362902;0.372;2.2386758;0.319;195;195;195;195
2.2444434;0.31526548;2.2362115;0.372;2.2386038;0.319;195;195;195;195
2.2392159;0.33960176;2.2361286;0.372;2.23853;0.32;195;195;195;195
2.2465096;0.31747788;2.2360492;0.372;2.2384584;0.32;195;195;195;195
2.2426217;0.32300884;2.2359724;0.372;2.238387;0.32;195;195;195;195
2.2456772;0.3141593;2.235889;0.372;2.23831;0.32;195;195;195;195
2.2452307;0.32300884;2.2358115;0.373;2.2382376;0.32;195;195;195;195
2.244549;0.32632744;2.2357304;0.373;2.2381644;0.32;195;195;195;195
2.2452264;0.31526548;2.2356482;0.373;2.2380886;0.32;195;195;195;195
2.2454832;0.32079646;2.2355714;0.372;2.2380161;0.32;195;195;195;195
2.244499;0.3329646;2.2354884;0.373;2.2379386;0.32;195;195;195;195
2.2403493;0.35066372;2.2354057;0.373;2.2378643;0.32;195;195;195;195
2.2467597;0.31526548;2.235325;0.373;2.2377925;0.32;195;195;195;195
2.2428505;0.34292036;2.2352455;0.373;2.2377157;0.32;195;195;195;195
2.2434757;0.335177;2.235161;0.373;2.2376406;0.32;195;195;195;195
2.2420125;0.33738938;2.2350833;0.374;2.2375689;0.32;195;195;195;195
2.2412398;0.3329646;2.2349985;0.374;2.237493;0.322;195;195;195;195
2.2451124;0.3130531;2.2349207;0.375;2.2374196;0.322;195;195;195;195
2.243713;0.32743362;2.2348409;0.375;2.237346;0.323;195;195;195;195
2.2364957;0.36393806;2.234755;0.376;2.2372694;0.323;195;195;195;195
2.245393;0.32522124;2.2346747;0.376;2.2371967;0.323;195;195;195;195
2.2415328;0.33849558;2.234597;0.376;2.237124;0.323;195;195;195;195
2.2418659;0.31969026;2.234511;0.376;2.2370462;0.323;195;195;195;195
2.242416;0.335177;2.2344303;0.376;2.2369711;0.323;195;195;195;195
2.2452073;0.3119469;2.2343497;0.377;2.2368987;0.323;195;195;195;195
2.2442544;0.3329646;2.2342658;0.377;2.2368207;0.322;195;195;195;195
2.238951;0.34955752;2.2341845;0.377;2.2367465;0.323;195;195;195;195
2.2447257;0.33849558;2.234101;0.377;2.2366717;0.323;195;195;195;195
2.2389393;0.35730088;2.2340202;0.377;2.2365942;0.324;195;195;195;195
2.2428827;0.3539823;2.2339365;0.377;2.2365217;0.325;195;195;195;195
2.242434;0.3340708;2.2338526;0.377;2.2364438;0.325;195;195;195;195
2.2459698;0.31747788;2.2337685;0.377;2.2363644;0.326;195;195;195;195
2.2433832;0.3340708;2.233686;0.377;2.2362921;0.325;195;195;195;195
2.242299;0.34402654;2.2336044;0.377;2.2362187;0.325;195;195;195;195
2.2410429;0.34623894;2.2335184;0.377;2.236142;0.326;195;195;195;195
2.242525;0.34734514;2.233436;0.378;2.2360632;0.328;195;195;195;195
2.2424285;0.33738938;2.2333524;0.38;2.2359889;0.327;195;195;195;195
2.2407186;0.34513274;2.233266;0.38;2.2359111;0.327;195;195;195;195
2.2415586;0.36061946;2.2331848;0.38;2.2358358;0.329;195;195;195;195
2.2419045;0.34402654;2.233102;0.38;2.2357588;0.329;195;195;195;195
2.2409112;0.33628318;2.2330203;0.38;2.235684;0.329;195;195;195;195
2.2408323;0.34292036;2.2329361;0.38;2.2356076;0.329;195;195;195;195
2.2404342;0.33075222;2.2328534;0.38;2.2355304;0.329;195;195;195;195
2.242955;0.34070796;2.2327695;0.38;2.2354536;0.329;195;195;195;195
2.246801;0.30973452;2.232684;0.38;2.2353747;0.329;195;195;195;195
2.2410853;0.34955752;2.2326007;0.38;2.2352984;0.33;195;195;195;195
2.239252;0.35176992;2.2325146;0.381;2.23522;0.331;195;195;195;195
2.2405581;0.35951328;2.2324288;0.381;2.2351403;0.331;195;195;195;195
2.243857;0.33628318;2.2323418;0.381;2.2350621;0.331;195;195;195;195
2.244467;0.32079646;2.232258;0.382;2.234984;0.331;195;195;195;195
2.2366285;0.3539823;2.232173;0.382;2.2349086;0.331;195;195;195;195
2.2417638;0.3318584;2.2320902;0.382;2.2348313;0.331;195;195;195;195
2.243261;0.33075222;2.232001;0.382;2.2347512;0.331;195;195;195;195
2.2406335;0.34955752;2.2319198;0.382;2.234676;0.332;195;195;195;195
2.2389328;0.34955752;2.231832;0.382;2.2345963;0.332;195;195;195;195
2.237748;0.34513274;2.2317472;0.382;2.2345185;0.332;195;195;195;195
2.238496;0.35176992;2.2316604;0.382;2.2344358;0.332;195;195;195;195
2.2396135;0.34402654;2.2315743;0.382;2.2343578;0.333;195;195;195;195
2.241645;0.33075222;2.2314918;0.382;2.2342823;0.333;195;195;195;195
2.2411199;0.32853982;2.2314024;0.383;2.234203;0.333;195;195;195;195
2.240376;0.34734514;2.2313151;0.382;2.2341237;0.333;195;195;195;195
2.2403622;0.33960176;2.2312322;0.382;2.2340448;0.334;195;195;195;195
2.2385483;0.34845132;2.2311466;0.384;2.233966;0.334;195;195;195;195
2.2412763;0.34292036;2.2310576;0.384;2.2338853;0.334;195;195;195;195
2.2438188;0.32522124;2.2309709;0.384;2.2338054;0.335;195;195;195;195
2.2408636;0.34513274;2.230883;0.383;2.2337244;0.335;195;195;195;195
2.2426853;0.34292036;2.2307982;0.383;2.2336485;0.336;195;195;195;195
2.240599;0.34181416;2.2307127;0.384;2.233567;0.335;195;195;195;195
2.243464;0.32632744;2.230624;0.383;2.2334898;0.335;195;195;195;195
2.2359023;0.35840708;2.2305386;0.383;2.2334116;0.335;195;195;195;195
2.2409241;0.335177;2.2304482;0.385;2.23333;0.335;195;195;195;195
2.2398477;0.34070796;2.2303607;0.385;2.2332516;0.335;195;195;195;195
2.2386549;0.3528761;2.2302742;0.385;2.2331705;0.335;195;195;195;195
2.2410662;0.34955752;2.2301874;0.385;2.2330918;0.336;195;195;195;195
2.2423794;0.33075222;2.2301016;0.385;2.2330136;0.335;195;195;195;195
2.235355;0.3561947;2.2300158;0.385;2.232936;0.336;195;195;195;195
2.237547;0.34292036;2.2299316;0.386;2.2328548;0.335;195;195;195;195
2.2363966;0.35176992;2.229841;0.386;2.2327714;0.335;195;195;195;195
2.2382178;0.3340708;2.2297542;0.387;2.2326922;0.335;195;195;195;195
2.2365496;0.35066372;2.2296615;0.387;2.2326102;0.335;195;195;195;195
2.2409952;0.32853982;2.2295754;0.387;2.2325313;0.336;195;195;195;195
2.2371395;0.35066372;2.2294862;0.387;2.232453;0.335;195;195;195;195
2.2390985;0.3318584;2.2293937;0.387;2.2323668;0.335;195;195;195;195
2.2368925;0.3539823;2.2293034;0.388;2.232284;0.335;195;195;195;195
2.2413592;0.335177;2.2292135;0.389;2.2322001;0.334;195;195;195;195
2.2408128;0.32743362;2.2291248;0.389;2.2321203;0.334;195;195;195;195
2.237398;0.35840708;2.2290351;0.389;2.2320368;0.334;195;195;195;195
2.2399275;0.3340708;2.2289436;0.389;2.2319527;0.334;195;195;195;195
2.2396605;0.34955752;2.2288573;0.389;2.231875;0.334;195;195;195;195
2.2368627;0.34402654;2.2287636;0.389;2.2317894;0.334;195;195;195;195
2.2403207;0.32632744;2.2286782;0.389;2.231707;0.334;195;195;195;195
2.238672;0.33849558;2.2285872;0.389;2.231628;0.334;195;195;195;195
2.236555;0.35730088;2.228495;0.389;2.2315433;0.334;195;195;195;195
2.2402084;0.34292036;2.2284048;0.389;2.231462;0.334;195;195;195;195
2.2364867;0.3539823;2.2283146;0.389;2.2313778;0.334;195;195;195;195
2.241528;0.3329646;2.2282288;0.389;2.2313006;0.335;195;195;195;195
2.240616;0.33849558;2.2281404;0.389;2.2312167;0.335;195;195;195;195
2.2343366;0.36172566;2.2280493;0.389;2.2311347;0.334;195;195;195;195
2.2322586;0.3539823;2.2279541;0.389;2.23105;0.334;195;195;195;195
2.236357;0.3528761;2.2278674;0.389;2.2309697;0.334;195;195;195;195
2.2362623;0.34513274;2.2277746;0.39;2.230886;0.334;195;195;195;195
2.2388;0.34292036;2.227683;0.39;2.2308004;0.334;195;195;195;195
2.2371104;0.34181416;2.2275958;0.39;2.2307181;0.335;195;195;195;195
2.2354;0.36283186;2.227501;0.39;2.230633;0.336;195;195;195;195
2.2324755;0.36836284;2.227408;0.39;2.230547;0.336;195;195;195;195
2.2375667;0.35840708;2.2273197;0.39;2.230467;0.336;195;195;195;195
2.2368279;0.34181416;2.2272277;0.39;2.2303846;0.336;195;195;195;195
2.2377985;0.35730088;2.2271357;0.39;2.2302995;0.337;195;195;195;195
2.2366633;0.34955752;2.2270408;0.391;2.230212;0.337;195;195;195;195
2.2407985;0.32853982;2.2269495;0.392;2.2301266;0.337;195;195;195;195
2.2319465;0.3528761;2.226856;0.393;2.2300413;0.337;195;195;195;195
2.2344768;0.33960176;2.2267663;0.393;2.22996;0.337;195;195;195;195
2.2374375;0.33960176;2.2266748;0.394;2.2298768;0.337;195;195;195;195
2.236532;0.34734514;2.2265785;0.396;2.229788;0.337;195;195;195;195
2.2367115;0.34623894;2.22649;0.396;2.229707;0.339;195;195;195;195
2.2323153;0.37278762;2.2263987;0.396;2.2296224;0.339;195;195;195;195
2.236971;0.34181416;2.22631;0.397;2.2295413;0.339;195;195;195;195
2.2356422;0.34734514;2.2262135;0.397;2.2294524;0.339;195;195;195;195
2.2344754;0.34845132;2.2261162;0.398;2.2293634;0.341;195;195;195;195
2.2353044;0.36172566;2.2260273;0.398;2.2292802;0.341;195;195;195;195
2.233104;0.35730088;2.2259321;0.398;2.229194;0.341;195;195;195;195
2.238489;0.34845132;2.225841;0.398;2.229107;0.341;195;195;195;195
2.2350597;0.34734514;2.2257473;0.398;2.2290215;0.341;195;195;195;195
2.2362068;0.3329646;2.2256541;0.399;2.228939;0.341;195;195;195;195
2.2331865;0.34845132;2.2255638;0.399;2.2288547;0.341;195;195;195;195
2.2333238;0.3561947;2.2254708;0.399;2.2287698;0.341;195;195;195;195
2.230051;0.36172566;2.2253742;0.399;2.2286792;0.342;195;195;195;195
2.2323606;0.36504424;2.225279;0.399;2.2285917;0.343;195;195;195;195
2.2351196;0.33960176;2.2251854;0.399;2.2285058;0.343;195;195;195;195
2.237982;0.32411504;2.2250865;0.399;2.2284184;0.343;195;195;195;195
2.2352157;0.36172566;2.2249937;0.399;2.2283337;0.343;195;195;195;195
2.2365584;0.34402654;2.2249014;0.399;2.2282503;0.343;195;195;195;195
2.2324378;0.36836284;2.2248025;0.399;2.228159;0.343;195;195;195;195
2.2311378;0.35066372;2.22471;0.399;2.228073;0.343;195;195;195;195
2.2319224;0.36172566;2.2246103;0.399;2.2279842;0.343;195;195;195;195
2.2351384;0.34623894;2.2245164;0.399;2.2278993;0.343;195;195;195;195
2.2312024;0.3761062;2.2244203;0.399;2.227811;0.343;195;195;195;195
2.2347496;0.3550885;2.2243266;0.401;2.2277257;0.343;195;195;195;195
2.2362835;0.34402654;2.2242286;0.402;2.227636;0.344;195;195;195;195
2.2311518;0.36946902;2.2241333;0.402;2.2275503;0.346;195;195;195;195
2.2368047;0.33849558;2.2240405;0.402;2.227464;0.346;195;195;195;195
2.2319012;0.3561947;2.223944;0.402;2.2273755;0.347;195;195;195;195
2.2328916;0.35730088;2.223845;0.402;2.227289;0.347;195;195;195;195
2.234032;0.34513274;2.2237494;0.402;2.2271976;0.347;195;195;195;195
2.2355902;0.34955752;2.2236547;0.402;2.2271123;0.347;195;195;195;195
2.233555;0.35176992;2.2235587;0.402;2.2270257;0.348;195;195;195;195
2.2322602;0.3561947;2.223458;0.402;2.2269335;0.348;195;195;195;195
2.2329836;0.34845132;2.2233603;0.402;2.2268434;0.348;195;195;195;195
2.2388687;0.31526548;2.2232642;0.402;2.2267568;0.348;195;195;195;195
2.2364728;0.32964602;2.2231703;0.402;2.2266688;0.348;195;195;195;195
2.2346177;0.34734514;2.2230678;0.402;2.226578;0.348;195;195;195;195
2.2342396;0.36061946;2.222973;0.402;2.2264898;0.348;195;195;195;195
2.2335799;0.34734514;2.2228775;0.403;2.2264037;0.348;195;195;195;195
2.2303605;0.3528761;2.2227776;0.403;2.2263122;0.348;195;195;195;195
2.235972;0.34955752;2.2226768;0.403;2.2262201;0.348;195;195;195;195
2.23068;0.36172566;2.2225807;0.403;2.2261338;0.348;195;195;195;195
2.2330382;0.35066372;2.222486;0.403;2.2260454;0.348;195;195;195;195
2.233089;0.3550885;2.2223847;0.403;2.225953;0.348;195;195;195;195
2.2360196;0.32964602;2.222288;0.403;2.225865;0.348;195;195;195;195
2.230729;0.36836284;2.2221847;0.403;2.225773;0.349;195;195;195;195
2.2321355;0.33960176;2.2220929;0.404;2.2256873;0.349;195;195;195;195
2.2292538;0.36504424;2.2219963;0.404;2.225599;0.349;195;195;195;195
2.2354383;0.34181416;2.2219;0.404;2.2255106;0.35;195;195;195;195
2.2364683;0.34070796;2.221802;0.404;2.2254179;0.35;195;195;195;195
2.231048;0.35730088;2.221707;0.404;2.2253346;0.35;195;195;195;195
2.2333736;0.34292036;2.2216012;0.404;2.2252405;0.35;195;195;195;195
2.2363448;0.3340708;2.2215037;0.404;2.2251496;0.351;195;195;195;195
2.2341309;0.32411504;2.2214067;0.404;2.2250605;0.351;195;195;195;195
2.2284508;0.3539823;2.2213056;0.404;2.2249672;0.351;195;195;195;195
2.2349606;0.3528761;2.2212043;0.404;2.2248769;0.351;195;195;195;195
2.2294815;0.35840708;2.221106;0.404;2.2247865;0.351;195;195;195;195
2.2315996;0.36615044;2.2210062;0.404;2.224692;0.351;195;195;195;195
2.2293391;0.3561947;2.2209063;0.405;2.2246041;0.352;195;195;195;195
2.2266312;0.36725664;2.2208023;0.406;2.224513;0.352;195;195;195;195
2.2350562;0.3318584;2.2207007;0.406;2.2244198;0.353;195;195;195;195
2.2341208;0.35951328;2.2206028;0.407;2.2243288;0.353;195;195;195;195
2.232024;0.35730088;2.2205029;0.407;2.2242386;0.353;195;195;195;195
2.2311132;0.34292036;2.2204037;0.407;2.2241473;0.353;195;195;195;195
2.2321985;0.36061946;2.2203052;0.407;2.2240562;0.353;195;195;195;195
2.230166;0.35951328;2.2202034;0.407;2.2239633;0.353;195;195;195;195
2.2321558;0.34513274;2.2201002;0.408;2.22387;0.353;195;195;195;195
2.2288656;0.36725664;2.2200005;0.408;2.2237794;0.353;195;195;195;195
2.230999;0.35066372;2.2198975;0.408;2.2236843;0.353;195;195;195;195
2.2336493;0.33628318;2.2197945;0.408;2.223589;0.353;195;195;195;195
2.2286596;0.35840708;2.2196946;0.408;2.223499;0.353;195;195;195;195
2.2309268;0.35951328;2.2195907;0.408;2.2234066;0.354;195;195;195;195
2.2314224;0.34845132;2.2194877;0.408;2.2233107;0.354;195;195;195;195
2.2291622;0.36172566;2.2193887;0.408;2.2232203;0.354;195;195;195;195
2.2281473;0.35176992;2.21929;0.408;2.2231307;0.354;195;195;195;195
2.2311745;0.34955752;2.2191827;0.408;2.223033;0.355;195;195;195;195
2.230639;0.34181416;2.2190833;0.408;2.2229393;0.355;195;195;195;195
2.2273698;0.35730088;2.2189755;0.408;2.2228456;0.355;195;195;195;195
2.2326586;0.33628318;2.2188745;0.408;2.222754;0.356;195;195;195;195
2.2304225;0.3539823;2.2187672;0.408;2.2226539;0.356;195;195;195;195
2.2272937;0.3761062;2.2186637;0.408;2.2225587;0.356;195;195;195;195
2.2325563;0.33738938;2.2185645;0.408;2.2224722;0.356;195;195;195;195
2.227547;0.36946902;2.2184565;0.408;2.222372;0.356;195;195;195;195
2.2304385;0.35730088;2.2183547;0.408;2.2222774;0.357;195;195;195;195
2.2271492;0.3550885;2.2182553;0.409;2.2221878;0.357;195;195;195;195
2.2314532;0.34292036;2.2181468;0.409;2.2220886;0.358;195;195;195;195
2.2317905;0.33738938;2.218037;0.409;2.221992;0.358;195;195;195;195
2.2292464;0.35176992;2.2179377;0.409;2.2218997;0.358;195;195;195;195
2.22936;0.36504424;2.2178354;0.409;2.2218037;0.358;195;195;195;195
2.2314966;0.3539823;2.2177293;0.41;2.221709;0.358;195;195;195;195
2.2311583;0.34181416;2.2176206;0.41;2.2216127;0.358;195;195;195;195
2.2270243;0.375;2.217518;0.41;2.2215161;0.358;195;195;195;195
2.2283704;0.3550885;2.217412;0.411;2.2214239;0.359;195;195;195;195
2.2305698;0.35951328;2.2173061;0.411;2.221324;0.359;195;195;195;195
2.224499;0.3738938;2.2172008;0.411;2.2212305;0.359;195;195;195;195
2.2267764;0.36283186;2.2170935;0.412;2.2211347;0.359;195;195;195;195
2.2305071;0.36393806;2.2169924;0.413;2.2210429;0.359;195;195;195;195
2.2290566;0.3561947;2.2168822;0.413;2.2209435;0.36;195;195;195;195
2.2257097;0.37057522;2.2167697;0.413;2.2208424;0.36;195;195;195;195
2.2299242;0.35066372;2.2166648;0.413;2.220748;0.36;195;195;195;195
2.2261288;0.36836284;2.2165592;0.414;2.2206516;0.36;195;195;195;195
2.2324905;0.34734514;2.2164545;0.414;2.2205558;0.36;195;195;195;195
2.224314;0.38053098;2.2163496;0.413;2.2204585;0.36;195;195;195;195
2.2324235;0.35066372;2.2162392;0.413;2.2203598;0.361;195;195;195;195
2.230318;0.3561947;2.2161362;0.414;2.2202675;0.361;195;195;195;195
2.2285635;0.36393806;2.2160308;0.414;2.22017;0.361;195;195;195;195
2.2278533;0.35730088;2.2159238;0.414;2.2200725;0.361;195;195;195;195
2.2296185;0.34845132;2.215814;0.414;2.2199724;0.361;195;195;195;195
2.2301247;0.3561947;2.215707;0.414;2.2198765;0.361;195;195;195;195
2.2292442;0.35840708;2.2156055;0.414;2.2197835;0.361;195;195;195;195
2.2227895;0.37831858;2.2154956;0.413;2.2196848;0.361;195;195;195;195
2.2251325;0.36393806;2.2153893;0.414;2.219586;0.361;195;195;195;195
2.2312076;0.34402654;2.2152793;0.415;2.2194867;0.361;195;195;195;195
2.2291126;0.36172566;2.2151706;0.416;2.2193882;0.361;195;195;195;195
2.2237568;0.38163716;2.2150655;0.416;2.2192893;0.362;195;195;195;195
2.2317572;0.33960176;2.2149534;0.416;2.2191892;0.362;195;195;195;195
2.2324586;0.34292036;2.2148468;0.416;2.219091;0.362;195;195;195;195
2.225934;0.3550885;2.2147372;0.415;2.2189913;0.362;195;195;195;195
2.229258;0.36283186;2.2146306;0.416;2.2188916;0.363;195;195;195;195
2.2286372;0.3550885;2.2145236;0.416;2.2187963;0.363;195;195;195;195
2.2331705;0.36393806;2.2144122;0.416;2.2186983;0.364;195;195;195;195
2.2283707;0.36061946;2.2143059;0.417;2.2185996;0.364;195;195;195;195
2.2259011;0.375;2.2141924;0.417;2.2184985;0.364;195;195;195;195
2.2221646;0.36061946;2.2140834;0.417;2.218396;0.364;195;195;195;195
2.224613;0.36061946;2.213972;0.416;2.2182987;0.364;195;195;195;195
2.229053;0.34070796;2.213862;0.416;2.2181962;0.364;195;195;195;195
2.2275996;0.36172566;2.2137492;0.416;2.2180936;0.364;195;195;195;195
2.2249742;0.36172566;2.2136438;0.416;2.2179987;0.364;195;195;195;195
2.2312996;0.33738938;2.2135355;0.416;2.2178996;0.364;195;195;195;195
2.2293792;0.33628318;2.2134285;0.416;2.2178004;0.364;195;195;195;195
2.2257118;0.34734514;2.2133183;0.416;2.2177012;0.363;195;195;195;195
2.2253017;0.35951328;2.2132053;0.416;2.2175982;0.364;195;195;195;195
2.2236383;0.375;2.213094;0.415;2.2174985;0.364;195;195;195;195
2.2276547;0.36061946;2.2129853;0.415;2.2173972;0.365;195;195;195;195
2.2248735;0.37278762;2.2128687;0.415;2.217293;0.365;195;195;195;195
2.2261634;0.36615044;2.2127612;0.415;2.2171955;0.365;195;195;195;195
2.22159;0.39159292;2.2126477;0.415;2.2170913;0.365;195;195;195;195
2.2294965;0.34181416;2.2125356;0.415;2.2169883;0.365;195;195;195;195
2.2295609;0.34955752;2.2124295;0.415;2.2168915;0.365;195;195;195;195
2.2257247;0.34402654;2.212316;0.415;2.2167892;0.365;195;195;195;195
2.2273688;0.35176992;2.2122135;0.415;2.2166939;0.365;195;195;195;195
2.229758;0.34623894;2.2120998;0.415;2.21659;0.365;195;195;195;195
2.2244978;0.36061946;2.2119899;0.416;2.216493;0.365;195;195;195;195
2.224393;0.37721238;2.2118735;0.416;2.216387;0.365;195;195;195;195
2.2266922;0.36725664;2.211761;0.416;2.2162843;0.365;195;195;195;195
2.2251344;0.34070796;2.2116473;0.416;2.2161806;0.365;195;195;195;195
2.2238216;0.36836284;2.211531;0.416;2.2160769;0.365;195;195;195;195
2.2259047;0.34402654;2.2114215;0.416;2.2159784;0.365;195;195;195;195
2.2260416;0.36504424;2.2113082;0.416;2.2158754;0.366;195;195;195;195
2.2279456;0.34734514;2.2111955;0.416;2.215775;0.366;195;195;195;195
2.225045;0.35951328;2.2110782;0.416;2.2156677;0.366;195;195;195;195
2.224565;0.34955752;2.210959;0.417;2.2155595;0.366;195;195;195;195
2.2218425;0.36836284;2.2108483;0.417;2.2154574;0.366;195;195;195;195
2.2232094;0.36061946;2.2107332;0.417;2.2153547;0.366;195;195;195;195
2.222312;0.3550885;2.2106204;0.417;2.2152534;0.366;195;195;195;195
2.2269003;0.35840708;2.2105095;0.417;2.2151499;0.366;195;195;195;195
2.2161732;0.38938054;2.2103915;0.417;2.2150404;0.366;195;195;195;195
2.2168267;0.38384956;2.2102768;0.417;2.214937;0.366;195;195;195;195
2.2213326;0.38606194;2.210161;0.418;2.2148328;0.366;195;195;195;195
2.227229;0.34623894;2.210047;0.418;2.2147284;0.366;195;195;195;195
2.227032;0.35951328;2.2099338;0.418;2.2146244;0.366;195;195;195;195
2.2247763;0.3550885;2.2098186;0.418;2.214521;0.366;195;195;195;195
2.2236698;0.35951328;2.2097018;0.418;2.2144163;0.366;195;195;195;195
2.2213292;0.3738938;2.2095866;0.418;2.2143116;0.366;195;195;195;195
2.2209165;0.38053098;2.209477;0.418;2.2142124;0.366;195;195;195;195
2.22362;0.35951328;2.2093515;0.417;2.2141016;0.366;195;195;195;195
2.2216902;0.36946902;2.2092314;0.417;2.2139907;0.366;195;195;195;195
2.2227063;0.38163716;2.2091155;0.418;2.2138865;0.367;195;195;195;195
2.2273858;0.34623894;2.2090008;0.418;2.2137837;0.367;195;195;195;195
2.2203443;0.36836284;2.208886;0.418;2.2136776;0.367;195;195;195;195
2.2245448;0.36283186;2.2087674;0.419;2.2135684;0.367;195;195;195;195
2.2218585;0.35951328;2.2086513;0.419;2.213464;0.367;195;195;195;195
2.218016;0.3738938;2.2085364;0.419;2.2133584;0.367;195;195;195;195
2.2201157;0.36504424;2.2084136;0.42;2.2132504;0.367;195;195;195;195
2.221367;0.36283186;2.2082953;0.42;2.2131457;0.367;195;195;195;195
2.2190185;0.37057522;2.208174;0.42;2.2130337;0.367;195;195;195;195
2.2191;0.38053098;2.2080512;0.42;2.2129247;0.366;195;195;195;195
2.2157192;0.38053098;2.2079384;0.42;2.2128174;0.366;195;195;195;195
2.2230215;0.36504424;2.2078166;0.42;2.2127073;0.366;195;195;195;195
2.2208807;0.36061946;2.2077005;0.421;2.2125986;0.366;195;195;195;195
2.2261581;0.33849558;2.2075827;0.421;2.2124946;0.366;195;195;195;195
2.22436;0.3561947;2.2074592;0.421;2.2123818;0.366;195;195;195;195
2.2276013;0.3539823;2.2073467;0.421;2.2122803;0.366;195;195;195;195
2.2220125;0.3550885;2.2072244;0.422;2.2121687;0.366;195;195;195;195
2.220231;0.36946902;2.2071042;0.422;2.212058;0.366;195;195;195;195
2.2187452;0.3761062;2.2069864;0.422;2.2119505;0.367;195;195;195;195
2.2201917;0.36946902;2.2068686;0.422;2.2118435;0.368;195;195;195;195
2.2203212;0.375;2.2067509;0.422;2.2117379;0.369;195;195;195;195
2.2202044;0.36946902;2.206625;0.422;2.2116215;0.369;195;195;195;195
2.2200587;0.36172566;2.2065039;0.422;2.2115102;0.369;195;195;195;195
2.2174227;0.37168142;2.206382;0.422;2.2114012;0.371;195;195;195;195
2.2196326;0.36283186;2.2062647;0.422;2.2112937;0.371;195;195;195;195
2.2204278;0.36393806;2.2061417;0.422;2.2111838;0.372;195;195;195;195
2.2206566;0.36393806;2.206018;0.422;2.2110727;0.372;195;195;195;195
2.2233043;0.35951328;2.205893;0.422;2.21096;0.372;195;195;195;195
2.2156172;0.37831858;2.2057772;0.422;2.2108514;0.372;195;195;195;195
2.222331;0.36061946;2.2056525;0.422;2.2107399;0.372;195;195;195;195
2.2199483;0.36615044;2.2055323;0.422;2.210628;0.372;195;195;195;195
2.2181368;0.3738938;2.2054083;0.422;2.2105157;0.372;195;195;195;195
2.2192807;0.36836284;2.2052886;0.421;2.2104073;0.372;195;195;195;195
2.2172704;0.38384956;2.2051618;0.421;2.2102942;0.372;195;195;195;195
2.2210758;0.36946902;2.2050414;0.421;2.2101848;0.372;195;195;195;195
2.2196476;0.36172566;2.204917;0.421;2.2100763;0.372;195;195;195;195
2.2150962;0.38716814;2.2048013;0.42;2.209969;0.372;195;195;195;195
2.2217183;0.35730088;2.204683;0.42;2.2098598;0.372;195;195;195;195
2.2160153;0.3761062;2.204556;0.42;2.209748;0.372;195;195;195;195
2.218149;0.36393806;2.2044291;0.42;2.2096355;0.373;195;195;195;195
2.218304;0.37942478;2.2043078;0.42;2.2095218;0.374;195;195;195;195
2.2181284;0.3550885;2.204181;0.421;2.209409;0.374;195;195;195;195
2.221197;0.3561947;2.204061;0.421;2.2092998;0.374;195;195;195;195
2.2154665;0.3738938;2.2039294;0.421;2.209181;0.376;195;195;195;195
2.217819;0.37057522;2.2038093;0.421;2.209072;0.376;195;195;195;195
2.2141166;0.3960177;2.2036834;0.421;2.2089605;0.376;195;195;195;195
2.2167761;0.36061946;2.2035568;0.422;2.208845;0.376;195;195;195;195
2.2174046;0.36946902;2.2034318;0.422;2.2087324;0.376;195;195;195;195
2.2142038;0.38053098;2.2033062;0.422;2.2086184;0.376;195;195;195;195
